WD2359-434   51739.7790   49.6   1.4              48.7  1.1      0.40    -0.28   polyn., G&L, vrot
WD2359-434   51743.8041   47.7   1.5
WD2359-324   51740.7447   94.7   5.6              81.6  2.4      4.36    -0.95
WD2359-324   51742.8050   72.6   6.8
WD2359-324   52799.9168   79.9   2.7
WD0000-186   51803.7127   25.3   1.7              24.2  1.3      0.36    -0.26
WD0000-186   51804.6533   23.3   1.7
HS0002+1635  52610.5530   18.2   2.1              16.4  1.4      0.63    -0.37
HS0002+1635  52889.7085   15.2   1.7
WD0005-163   51803.6565   13.1   2.5              14.9  1.3      0.39    -0.27   G&L
WD0005-163   52490.9246   15.5   1.3
WD0011+000   51739.8071   23.2   1.0              24.2  1.0      1.12    -0.54   polyn., G&L
WD0011+000   51742.8241   26.0   1.4
WD0013-241   51803.6229   18.6   1.2              17.3  0.9      1.08    -0.52
WD0013-241   51804.5870   16.1   1.1
WD0016-258   51803.6345   50.4   2.2              48.7  1.9      1.14    -0.54   polyn., G&L
WD0016-258   51804.5991   44.5   3.5
WD0016-220   51803.7254   16.3   0.8              14.7  0.7      3.34    -1.17   polyn.
WD0016-220   51804.6667   12.7   0.9
WD0017+061   52535.6847   -5.5   2.3              -3.7  1.7      0.70    -0.40
WD0017+061   52543.8234   -1.7   2.4
WD0018-339   52532.6001   36.3   0.9              34.8  0.8      2.83    -1.03
WD0018-339   52535.6130   32.5   1.2
WD0024-556   51759.8949   96.1   2.2              91.5  1.0      2.97    -1.07   polyn., G&L
WD0024-556   51761.8611   90.3   1.0
WD0027-636   52482.7523   28.1   6.2 -40.0 40.0   30.4  4.2      0.16    -0.16
WD0027-636   52501.9075   32.4   5.7 -40.0 40.0
WD0028-474   52212.7174  -45.2   2.8              54.0  1.4    885.20 <-100.  DD SB2, G&L
WD0028-474   52272.5402   83.0   1.4
WD0029-181   52543.8594   43.5   3.5              44.4  1.5      0.05    -0.08
WD0029-181   52544.7685   44.6   1.5
HE0031-5525  52482.7623   57.1   2.6              57.3  2.2      0.01    -0.04   polyn., G&L
HE0031-5525  52260.5382   57.8   4.1
MCT0031-3107 51803.6896   56.1  25.8 -40.0 40.0   18.5 12.2      1.60    -0.69
MCT0031-3107 52114.9154    7.7  13.9 -40.0 40.0
HE0032-2744  52532.6336   52.9   2.7              51.8  2.1      0.19    -0.18
HE0032-2744  52535.6383   50.5   3.1
WD0032-317   51803.6666   18.6   4.3 -30.0 30.0   33.8  3.0     14.00    -3.74
WD0032-317   51804.6223   48.4   4.2 -30.0 30.0
WD0032-175   52535.6469   32.5   0.8              33.5  0.8      1.28    -0.59   G&L
WD0032-175   52542.7792   34.9   1.0
WD0032-177   52535.6549   11.0   1.8              14.8  1.3      3.78    -1.29
WD0032-177   52542.7603   17.5   1.5
WD0033+016   52535.7879   88.9   2.1              90.7  1.5      0.75    -0.41   G&L
WD0033+016   52543.8407   92.3   1.9
MCT0033-3440 51803.7006   53.0   2.7              52.9  1.2      0.00    -0.01
MCT0033-3440 52501.9203   52.9   1.2
WD0037-006   52610.5622  -62.6   1.0             -22.4  0.8   2327.70 <-100.  DD SB2, G&L
WD0037-006   52655.5401   71.4   1.6
WD0037-006   52889.7276  -26.6   1.1
HE0043-0318  52610.5695   67.7   1.0              67.6  1.0      0.00    -0.02   G&L
HE0043-0318  52655.5744   67.5   1.9
WD0047-524   52482.7698   29.9   0.6              30.5  0.7      0.54    -0.34   polyn.
WD0047-524   52531.6391   31.2   0.7
HS0047+1903  52536.7020   26.4  10.9              24.4  1.0      0.03    -0.01
HS0047+1903  52544.7386   24.3   1.1
HS0047+1903  52889.7178   24.4   1.5
WD0048-544   52482.7774   32.8   0.9              31.7  0.7      1.03    -0.51
WD0048-544   52531.6468   30.8   0.8
WD0048+202   52536.7120   31.7   2.1              32.2  0.8      0.05    -0.01
WD0048+202   52610.5968   32.1   1.1
WD0048+202   52544.7290   32.4   1.0
HE0049-0940  52543.8699   28.7   0.9              29.3  0.7      0.23    -0.20
HE0049-0940  52544.7781   29.6   0.6
WD0050-332   52163.6634   18.0   3.2 -30.0 30.0   23.1  1.5      5.20    -0.80
WD0050-332   52482.7856   19.7   3.1 -30.0 30.0
WD0050-332   52532.6503   29.1   2.5 -30.0 30.0
WD0050-332   52542.7912   22.6   2.6 -30.0 30.0
HS0051+1145  52536.7221   41.7   9.6              43.3  2.9      0.02    -0.05   G&L, magnetic
HS0051+1145  52544.7581   43.4   3.0
WD0052-147   52543.8800   58.1   1.6              58.7  1.2      0.17    -0.17
WD0052-147   52544.7880   59.4   1.6
WD0053-117   52543.8897   28.7   0.7              28.9  0.7      0.05    -0.08   G&L
WD0053-117   52544.7977   29.1   0.6
WD0058-044   51738.8042   41.3   2.0              41.0  1.9      0.03    -0.07   G&L, magnetic
WD0058-044   51741.8086   40.2   3.6
WD0101+048   52530.8546   48.4   0.6              55.0  0.7     75.98   -17.54DD G&L, vrot
WD0101+048   52847.9008   63.6   0.8
WD0102-185   52675.5315   34.2   4.5              33.8  2.9      0.01    -0.03   flaws in 29/07/2003 spectrum
WD0102-185   52849.9046   33.6   3.7 -12.5 15.0
WD0102-142   51761.9167   18.2   1.4              17.4  1.1      0.34    -0.25   polyn.
WD0102-142   52529.8719   16.6   1.4
HE0103-3253  52532.6585   39.2   1.5              39.2  1.1      0.00    -0.00
HE0103-3253  52542.7999   39.2   1.3
WD0103-278   52532.6684   45.3   0.9              45.6  1.0      0.46    -0.30
WD0103-278   52536.6069   48.3   3.2
MCT0105-1634 51739.7961   15.4   5.7              18.5  3.4      3.47    -0.75
MCT0105-1634 51742.8518    6.5   7.2
MCT0105-1634 52883.6855   27.5   5.3
WD0106-358   51737.7759   35.3   2.5              35.8  2.0      0.07    -0.10
WD0106-358   51741.7823   36.7   3.1
HE0106-3253  51885.6255   56.6   1.1              55.6  0.8      0.59    -0.35   G&L
HE0106-3253  52146.8722   55.0   0.7
WD0107-192   51737.7847   -0.9   1.4              -0.2  1.1      0.25    -0.21
WD0107-192   51741.7897    0.6   1.5
WD0108+143   51739.8220   83.9   2.3              85.0  1.9      0.36    -0.26
WD0108+143   51743.8451   86.9   3.0
WD0110-139   51738.8143   40.4   2.3              39.4  1.8      0.25    -0.21
WD0110-139   51741.7991   38.0   2.8
MCT0110-1617 51761.9254   55.5   9.0 -30.0 30.0   50.7  6.8      0.38    -0.27
MCT0110-1617 52529.8809   44.5  10.2 -30.0 30.0
MCT0111-3806 52531.6579   25.2   2.1 -30.0 30.0   27.5  1.8      1.97    -0.80   G&L
MCT0111-3806 52146.8888   32.2   3.1 -30.0 30.0
WD0112-195   51737.8432  -13.4  29.2 -30.0 30.0   13.0 20.2      0.91    -0.47
WD0112-195   51740.7732   37.1  27.9 -30.0 30.0
WD0114-605   52489.9160   57.4   1.9              59.4  1.6      1.36    -0.61
WD0114-605   52146.9060   62.2   2.3
WD0114-034   51737.8531  -14.5  10.4              -0.4  2.7      1.16    -0.55
WD0114-034   51740.7824    0.6   2.7
WD0124-257   51738.8246   35.4   2.7              32.4  1.8      1.12    -0.54
WD0124-257   51741.8302   30.4   2.2
WD0126+101   51739.8320    4.5   0.9               4.7  0.7      0.02    -0.05   polyn., G&L
WD0126+101   51743.8535    4.8   0.8
WD0127-050   52536.7368    5.3   2.2               3.2  1.0      0.58    -0.35
WD0127-050   52544.8056    2.8   0.8
WD0128-387   51738.8458  106.5   6.8 -30.0 30.0  100.2  4.8      0.96    -0.48dd DAB, SB2
WD0128-387   51741.8467   94.2   6.7 -30.0 30.0
WD0129-205   51737.7955   62.7   1.9              60.4  1.3      1.25    -0.58
WD0129-205   51741.8565   58.7   1.6
HS0129+1041  52536.7453   56.8   3.3              59.9  1.1      0.55    -0.12
HS0129+1041  52544.8133   60.2   1.1
HS0129+1041  53010.5779   60.5   2.2
HS0130+0156  52547.7017   43.1  12.9 -40.0 40.0   35.6  8.4      0.35    -0.26
HS0130+0156  52143.8779   30.0  11.2 -40.0 40.0
HE0130-2721  52532.7033   27.3   2.3              31.0  1.6      2.59    -0.97
HE0130-2721  52544.8226   34.3   2.2
HE0131+0149  52536.7538   24.4   1.7              11.8  1.0     39.46    -9.47DD
HE0131+0149  52143.8946    6.5   1.0
WD0133-116   51737.8129   98.8   1.4              97.3  1.0      0.91    -0.47   polyn., G&L
WD0133-116   51741.9056   96.3   1.0
WD0135-052   51737.8611  -51.0   0.5              20.7  0.6   7888.70 <-100.  DD SB2, G&L
WD0135-052   51741.8696   87.3   0.5
MCT0136-2010 51743.8630   91.8   1.7              93.1  1.4      0.67    -0.39dd SB2, polyn., G&L
MCT0136-2010 51737.8046   94.9   2.1
MCT0138-4014 51761.8814   45.2   2.6              45.6  2.1      0.04    -0.07
MCT0138-4014 52532.8186   46.3   3.4
WD0137-291   51738.9372   29.6   2.6              28.1  1.8      0.33    -0.25
WD0137-291   51741.8785   26.9   2.3
WD0138-236   51739.8424   51.1  37.5 -40.0 40.0   26.9 24.3      0.42    -0.29
WD0138-236   51741.8905    9.3  31.9 -40.0 40.0
WD0140-392   51739.8513   57.2   0.7              57.1  0.7      0.02    -0.05
WD0140-392   51741.8996   57.0   0.8
WD0143+216   52536.7617   19.9   1.6              21.1  1.2      0.57    -0.35   polyn., G&L
WD0143+216   52847.9163   22.3   1.6
WD0145-221   51740.7924   58.6   2.0              56.8  1.8      1.40    -0.63   polyn., G&L
WD0145-221   51742.8607   52.6   3.2
WD0145-257   52536.6432   43.2   4.2              38.3  1.5      0.89    -0.46
WD0145-257   52544.8467   37.6   1.5
HS0145+1737  52536.7741   19.8   2.4              23.7  0.8      3.07    -0.67
HS0145+1737  52547.7218   25.7   1.1
HS0145+1737  53010.5692   23.1   0.9
HE0145-0610  52658.5542   58.3   2.9              57.7  1.4      0.05    -0.01   polyn., G&L
HE0145-0610  52658.5679   56.8   4.1
HE0145-0610  52903.6836   57.6   1.6
HS0146+1847  52536.7879   -0.7  12.8              13.3  2.2      0.82    -0.18   polyn., G&L, vrot
HS0146+1847  52547.7314   14.4   2.7
HS0146+1847  53010.5598   12.5   3.5
HE0150+0045  52675.5430   -0.1   2.8              -0.1  2.9      0.00     0.00
WD0151+017   51737.8676   60.6   2.0              63.9  1.2      2.10    -0.83
WD0151+017   51740.8441   65.4   1.3
HE0152-5009  52532.8818   53.9   1.1              52.9  1.0      0.76    -0.42   polyn.
HE0152-5009  52544.8530   51.7   1.3
WD0155+069   52536.7996    1.2   2.3               2.2  1.4      0.15    -0.15
WD0155+069   52658.5879    2.7   1.6
WD0158-227   52537.6611    2.7   5.2 -30.0 30.0    1.0  2.5      0.08    -0.11   G&L
WD0158-227   52544.8324    0.5   2.8 -30.0 30.0
HE0201-0513  52537.6945    8.6   3.1               8.6  3.1      0.00     0.00
HS0200+2449  52535.8178   55.0   1.7              54.2  1.4      0.31    -0.24
HS0200+2449  52656.5503   52.9   2.1
WD0204-233   51740.8270   98.8   1.0              98.3  1.1      1.06    -0.52   polyn.
WD0204-233   51742.8701   93.9   3.4
HE0204-3821  52165.8909   32.3   3.1              36.1  1.3      0.98    -0.49
HE0204-3821  52527.8696   36.8   1.2
HE0204-4213  52532.8917   22.8   2.2              22.4  1.7      0.02    -0.06
HE0204-4213  52537.7137   22.1   2.5
WD0204-306   52611.7406   96.1   9.3              81.5  3.4      4.80    -0.73   polyn., G&L, vrot
WD0204-306   52611.7485   92.2   8.6
WD0204-306   52616.7588   82.3   5.4
WD0204-306   52851.8964   69.0   6.1
WD0203-138   51740.8365   28.4  34.7 -40.0 40.0  -10.9 16.2      1.29    -0.28   G&L
WD0203-138   51742.8804  -13.6  21.4 -40.0 40.0
WD0203-138   53010.6421  -44.4  35.4 -40.0 40.0
WD0205-365   51737.8844   48.9   5.4 -40.0 40.0   44.4  3.9      0.81    -0.44   G&L
WD0205-365   51740.8035   39.7   5.6 -40.0 40.0
WD0205-304   51802.7396   79.6   1.5              79.8  1.0      0.02    -0.05
WD0205-304   52175.8668   79.9   1.1
HE0205-2945  52175.8788   53.9   5.4              34.0  3.9     15.42    -4.07DD SB2, G&L
HE0205-2945  52532.8291   14.2   5.4
WD0208-263   52532.9022   87.3   8.0 -30.0 30.0   76.0  4.6      1.73    -0.72
WD0208-263   52537.7245   70.5   5.5 -30.0 30.0
HS0209+0832  51737.8914   80.7   3.9 -30.0 30.0   77.1  2.5      1.76    -0.38   G&L
HS0209+0832  51737.8983   77.1   3.6 -30.0 30.0
HS0209+0832  51740.8102   67.8   6.3 -30.0 30.0
HE0210-2012  52174.8880   36.2   1.2              37.2  1.0      0.67    -0.38
HE0210-2012  52527.8802   38.4   1.4
HE0211-2824  51885.6492   56.6   0.9              56.9  0.8      0.06    -0.09
HE0211-2824  51947.5400   57.1   0.9
WD0212-231   52537.7352   42.9   2.7              43.3  2.3      0.04    -0.08
WD0212-231   52616.7393   44.2   4.3
HS0213+1145  52536.8292   85.8   5.4              78.0  2.3      2.86    -0.62
HS0213+1145  52655.5866   71.6   3.9
HS0213+1145  53010.6258   79.4   3.2
WD0216+143   51802.7697   20.8   2.4               6.7  1.5     27.27    -6.75DD
WD0216+143   52522.9057   -0.4   1.7
HE0219-4049  52139.9124   40.5   1.9              42.1  0.9      4.46    -0.67
HE0219-4049  52522.8971   45.5   1.5
HE0219-4049  52165.8662   41.9   1.9
HE0219-4049  52171.8893   39.5   1.5
HE0221-2642  52175.8899   42.1   3.3 -30.0 30.0   45.1  3.0      1.94    -0.79
HE0221-2642  51949.5680   54.8   6.1 -30.0 30.0
WD0220+222   52639.5488   67.6   1.2              67.6  1.4      0.00     0.00
HE0221-0535  52536.8421   33.1   5.3              43.7  1.7      2.59    -0.97   Halpha core corrupted in one spectrum
HE0221-0535  52537.7563   45.0   1.7
HE0222-2336  52537.7666   21.4   4.4 -30.0 30.0   22.8  3.6      0.17    -0.17
HE0222-2336  52616.7493   25.5   6.1 -30.0 30.0
HE0222-2630  52465.8944   59.9   1.4              60.7  1.4      0.74    -0.41
HE0222-2630  51949.5788   63.9   3.1
HS0223+1211  52639.5612  -50.9   5.9             -50.9  5.9      0.00     0.00   G&L
HE0225-1912  52544.8831 -115.9   2.1             -95.0  1.7    123.77   -28.02DD SB2
HE0225-1912  52537.7775  -66.8   2.5
HS0225+0010  52537.8495   29.7   1.9              28.3  1.4      0.55    -0.34
HS0225+0010  52639.5819   27.0   1.9
WD0226-329   52536.6740   20.1   1.6              21.6  0.7      2.47    -0.54
WD0226-329   52611.7684   19.7   1.4
WD0226-329   52616.7667   22.9   0.7
WD0227+050   52536.8499   16.8   0.5              16.5  0.5      0.74    -0.16   G&L
WD0227+050   52656.5650   15.7   0.5
WD0227+050   52882.8934   16.8   0.4
WD0229-481   51759.9005   37.0   3.5 -40.0 40.0   30.0  2.8      6.25    -1.36
WD0229-481   51761.8667   16.6   5.1 -40.0 40.0
WD0229-481   53010.6148   26.4   9.1 -40.0 40.0
WD0230-144   52465.9030   25.5   3.8              25.3  3.7      0.01    -0.03   G&L, fit without model spectrum
WD0230-144   52536.6836   24.1  11.2
WD0231-054   51737.8733   92.4   1.5              90.5  1.2      2.65    -0.57   polyn., G&L
WD0231-054   52523.9105   89.3   2.2
WD0231-054   51740.8171   85.4   3.0
HS0237+1034  52537.8687   80.6   4.1              80.6  4.2      0.00     0.00dd SB2
WD0239+109   51737.9060    6.1   4.3               6.3  3.0      0.00    -0.02   G&L, vrot, magnetic
WD0239+109   51740.8610    6.6   4.2
HS0241+1411  52537.8789   13.7   2.8              13.7  2.9      0.00     0.00
WD0242-174   52260.5925   38.8   1.1              39.1  0.9      0.06    -0.10
WD0242-174   53010.6088   39.4   1.1
WD0243+155   52537.8883   27.4   1.7              27.4  1.8      0.00     0.00
WD0243-026   51949.5403   35.4   1.5              30.1  0.9      9.15    -2.60   G&L, vrot
WD0243-026   52530.8611   27.5   0.9
HE0245-0008  52655.6160   75.2   2.2              75.2  2.3      0.00     0.00
HE0246-5449  52537.7922   29.5   1.9              31.4  1.2      0.80    -0.43
HE0246-5449  52539.7079   32.5   1.4
WD0250-026   52465.9164   57.8   0.9              57.5  0.9      0.10    -0.13
WD0250-026   52536.8655   57.1   1.2
WD0250-007   52674.5447   57.0   1.5              55.8  1.3      0.94    -0.48   polyn., G&L
WD0250-007   52655.6263   53.4   2.3
WD0252-350   51740.8527  102.1   1.4              98.0  0.9      6.10    -1.87
WD0252-350   51741.9402   95.7   1.0
WD0255-705   51759.9173   85.0   1.5              84.1  1.0      0.28    -0.23   G&L
WD0255-705   51761.8723   83.5   1.1
HE0255-1100  51949.5289   -2.5   2.7              -4.8  1.8      0.67    -0.39
HE0255-1100  52537.8159   -6.5   2.3
HE0256-1802  52537.8259   20.7   2.5              23.7  2.0      1.96    -0.79
HE0256-1802  52616.7756   28.1   3.0
HE0257-2104  52537.8365   33.2   2.0              33.9  1.3      0.11    -0.13
HE0257-2104  52616.7856   34.4   1.6
WD0257+080   52535.8275   46.6   2.5              47.6  1.7      0.16    -0.16   G&L, magnetic, second component possibly visible in higher Balmer lines
WD0257+080   52639.6042   48.5   2.3
HE0300-2313  51884.5990   68.9   1.8              66.6  1.7      3.70    -1.26
HE0300-2313  51885.6615   58.7   3.5
WD0302+027   51741.9203   23.2   4.4 -30.0 30.0   29.2  3.4      2.61    -0.97
WD0302+027   51743.8688   37.8   5.3 -30.0 30.0
HE0303-2041  52538.7983   42.4   1.7              43.0  1.2      0.10    -0.13   G&L
HE0303-2041  52544.8919   43.4   1.5
HE0305-1145  51889.6282   47.4   9.5              48.0  2.3      0.80    -0.17
HE0305-1145  51948.5414   45.5   3.1
HE0305-1145  51947.5515   50.9   3.3
WD0307+149   52535.8768    7.8   0.8               7.2  1.0      2.17    -0.85
WD0307+149   52536.8833    1.1   3.3
HS0307+0746  52538.8286   16.2   2.3              14.9  1.6      0.34    -0.25
HS0307+0746  52674.5564   13.7   2.1
WD0310-688   52536.8909   63.1   0.4              62.6  0.4      0.26    -0.01   G&L
WD0310-688   52611.7249   62.5   0.3
WD0310-688   52611.7292   62.5   0.3
WD0310-688   52616.7908   62.5   0.3
HE0308-2305  51949.5584   76.6   1.9              74.4  1.5      1.43    -0.63
HE0308-2305  51947.5749   72.0   2.0
WD0308+188   52538.7370   38.1   0.7              38.4  0.7      0.10    -0.12
WD0308+188   52656.5728   38.7   0.9
HS0309+1001  52332.5254  105.3   3.4              93.4  1.8      9.64    -2.72   polyn., G&L
HS0309+1001  52530.8718   88.8   2.0
WD0315-332   52538.8455   80.5  18.2 -40.0 40.0   38.2  9.1      8.98    -1.95   G&L
WD0315-332   52539.7208   76.2  21.0 -40.0 40.0
WD0315-332   52852.8993    6.6  12.2 -40.0 40.0
HS0315+0858  52538.8566   46.4   1.2              47.0  1.0      0.16    -0.16
HS0315+0858  52539.7315   47.4   1.2
HE0315-0118  51947.5839   -5.0   1.6              46.1  1.3   1220.82 <-100.  DD SB2
HE0315-0118  51949.5505  119.8   2.0
HE0317-2120  51946.6365   45.8   3.0              47.9  1.5      0.36    -0.26   G&L
HE0317-2120  51947.5922   48.6   1.6
WD0317+196   52538.7468   61.8   1.1              62.1  0.9      0.08    -0.11
WD0317+196   53013.5370   62.5   1.1
WD0318-021   52334.5292   40.0   2.1              40.0  1.7      0.00    -0.01   G&L
WD0318-021   52336.5398   39.9   2.6
WD0320-539   51759.9224   79.1   5.9 -30.0 30.0   59.4  2.1      7.32    -1.59
WD0320-539   51761.8889   56.6   4.0 -30.0 30.0
WD0320-539   52851.9080   56.5   2.7 -30.0 30.0
HE0320-1917  51946.6478   81.9   3.5              23.2  1.4    191.70   -42.87DD
HE0320-1917  51947.6130   12.1   1.4
HE0324-2234  52338.5233   53.4   1.7              53.4  1.3      0.00    -0.00
HE0324-2234  52531.8996   53.4   1.9
HE0324-0646  52332.5359   39.9   1.1              40.5  1.0      0.30    -0.23
HE0324-0646  52337.5190   41.5   1.6
HE0324-1942  52538.8670  -28.5   8.3              12.9  6.3     33.64    -8.18DD SB2
HE0324-1942  52539.7409   68.7   9.7
HE0325-4033  52538.8773   63.1   2.1              77.4  1.4     41.21    -9.86DD G&L, fit unusually poor, possibly composite spectrum
HE0325-4033  52539.7503   87.7   1.8
HS0325+2142  52538.7574   71.8   0.9              71.0  0.8      0.62    -0.37   polyn.
HS0325+2142  53013.5492   70.1   1.0
WD0326-273   51737.9246  148.6   0.6              56.2  0.6  10000.   <-100.  DD polyn., G&L
WD0326-273   51740.8767  -29.0   0.6
WD0328+008   52539.7624   21.3   8.5 -30.0 30.0   20.1  8.4      0.28    -0.22
WD0328+008   52658.6826   -8.8  43.0 -30.0 30.0
HE0330-4736  51885.6729   48.5   2.4              44.3  1.5      2.55    -0.96
HE0330-4736  51891.7954   42.1   1.7
HS0329+1121  52539.7734    8.4   2.0               9.6  1.2      0.32    -0.24
HS0329+1121  53013.6063   10.3   1.3
WD0330-009   52538.6954    5.6   5.8 -30.0 30.0    1.1  3.2      0.50    -0.32
WD0330-009   52655.5992   -0.9   3.8 -30.0 30.0
HS0331+2240  52538.7663   35.2   2.3              35.8  1.5      0.07    -0.11
HS0331+2240  52862.9178   36.3   1.9
HE0333-2201  51889.6664   55.2   1.6              52.9  1.0      1.74    -0.73
HE0333-2201  51924.6052   51.5   1.1
HE0336-0741  52336.5511   67.4   2.3              67.8  1.9      0.05    -0.09
HE0336-0741  52334.5399   68.6   3.2
WD0336+040   52539.7831   77.0   4.8              71.3  1.5      2.59    -0.34   G&L
WD0336+040   52695.5555   75.8   3.7
WD0336+040   52853.9183   68.4   2.2
WD0336+040   53013.6166   71.0   2.7
HS0337+0939  52539.7927   73.3   2.1              71.2  1.6      1.05    -0.52
HS0337+0939  52674.5670   69.1   2.1
HE0338-3025  52170.8792   16.6   2.1              20.5  1.5      3.38    -1.18   G&L
HE0338-3025  52171.8989   23.9   2.0
WD0339-035   51740.8991   82.5   1.2              79.2  1.0      8.06    -2.35   polyn., G&L
WD0339-035   52530.8810   75.0   1.3
WD0341+021   52337.5299  -49.0   2.1              35.9  1.2   1201.59 <-100.  DD
WD0341+021   52538.7061   73.0   1.3
WD0343-007   51889.6787   21.8  23.6 -40.0 40.0   13.5 12.2      0.10    -0.12
WD0343-007   51891.6840   10.4  14.3 -40.0 40.0
WD0344+073   52324.5280  -48.2   5.1              -1.5  3.4     88.72   -19.26DD polyn., G&L
WD0344+073   52539.8020   39.6   5.0
WD0344+073   52659.6652   14.9   9.2
HS0344+0944  52539.8117   51.3   2.3              51.3  2.3      0.00    -0.01
HS0344+0944  52674.5777   51.8  11.1
HE0344-1207  51946.6268   51.3   6.5              32.3  3.0      6.48    -1.96
HE0344-1207  51947.6243   26.9   3.4
HS0345+1324  52539.8221   63.1   3.3              64.1  2.9      0.18    -0.17
HS0345+1324  52695.5333   66.8   5.8
WD0346-011   51741.9278  171.3   8.8 -40.0 40.0  176.2  4.8      0.26    -0.21
WD0346-011   51743.8742  178.2   5.7 -40.0 40.0
HS0346+0755  52674.5878   48.4   2.9              49.7  2.6      0.43    -0.29
HS0346+0755  52695.5445   53.3   5.0
HE0348-4445  51802.7774   51.6   3.5              53.8  2.1      0.35    -0.26
HE0348-4445  51804.8405   55.0   2.5
HE0348-2404  52166.9007   47.3   1.7              47.8  1.1      0.09    -0.11   polyn.
HE0348-2404  52167.8889   48.2   1.3
HE0349-2537  51889.6558   15.0   2.4              15.9  1.7      0.15    -0.16
HE0349-2537  51924.5781   16.7   2.2
WD0352+049   52658.6570  131.3  22.0 -40.0 40.0  114.5 16.6      0.79    -0.43
WD0352+049   52674.6257   92.6  25.1 -40.0 40.0
WD0352+052   52334.5508  -71.7   2.4             -74.4  1.9      1.80    -0.75   G&L
WD0352+052   52530.8999  -78.5   2.9
WD0352+018   52332.5539   85.2   2.0              84.3  1.6      0.23    -0.20
WD0352+018   52538.7174   83.2   2.4
WD0352+096   52324.5378   81.4   0.7              82.1  0.8      0.61    -0.36
WD0352+096   52538.7292   83.0   1.0
HE0358-5127  51740.9117   40.2   2.1              39.0  1.5      0.42    -0.09
HE0358-5127  51742.9080   46.9  22.6
HE0358-5127  51743.8849   37.9   2.0
WD0357+081   51802.7890    4.2   5.5              -2.8  4.0      1.89    -0.77   G&L, vrot
WD0357+081   51804.8644  -10.0   5.6
HS0400+1451  52337.5428   86.0   1.1              87.6  0.8      1.52    -0.66
HS0400+1451  52538.7853   88.5   0.7
HS0401+1454  52674.6161   11.1   2.0              11.1  2.1      0.00     0.00   polyn., G&L
HE0403-4129  51740.9212   33.1   3.2              33.4  2.5      0.02    -0.05
HE0403-4129  51743.8944   33.9   3.9
HE0404-1852  51895.7564   41.6   1.8              40.2  1.4      0.62    -0.37
HE0404-1852  53010.6975   38.8   1.8
WD0406+169   52674.6065   91.9   1.8              90.9  1.1      0.23    -0.20   polyn.
WD0406+169   53013.5731   90.4   1.2
WD0407+179   52674.5976   61.7   0.6              61.9  0.6      1.52    -0.33   G&L
WD0407+179   52695.5677   63.7   1.1
WD0407+179   52882.9005   61.2   0.6
WD0408-041   51802.8997   19.4   1.1 -10.0 15.0   18.7  1.0      0.36    -0.26   G&L, +CaK
WD0408-041   52154.8915   17.8   1.4 -10.0 15.0
HE0409-5154  51802.8873   65.4   2.5              68.4  1.8      3.18    -0.69
HE0409-5154  52165.8996   66.8   3.5
HE0409-5154  52258.7855   75.3   3.4
HE0410-1137  52334.5615    6.6   1.6              26.7  1.3    181.46   -40.63DD SB2, G&L
HE0410-1137  52338.5410   53.5   1.9
WD0410+117   52332.5634   54.0   0.9              53.2  0.7      0.51    -0.32
WD0410+117   52657.6788   52.6   0.8
HS0412+0632  52324.5473   32.8   1.1              33.6  0.9      0.48    -0.31
HS0412+0632  52657.6865   34.5   1.2
HE0414-4039  51889.7071   70.8   3.2              66.5  2.4      2.40    -0.92
HE0414-4039  51895.7438   60.8   3.7
WD0416-550   51743.9146   33.8   2.0              29.8  1.2      4.80    -1.04
WD0416-550   51759.9082   20.0   4.8
WD0416-550   53010.6519   28.6   1.5
HE0416-3852  51889.6953   55.1   3.6              52.0  2.2      0.69    -0.39
HE0416-3852  51895.7331   50.1   2.8
HE0416-1034  51895.7673   69.1   1.4              69.1  1.2      0.00    -0.01
HE0416-1034  51924.6338   69.0   1.8
HE0417-3033  52271.6052   59.0   2.0              61.0  1.7      1.56    -0.67
HE0417-3033  52532.8503   64.9   2.9
HE0418-5326  51743.9240   11.3   4.7              10.8  2.9      0.01    -0.04
HE0418-5326  51761.8952   10.5   3.5
HE0418-1021  52530.8897   71.5   2.2              71.2  1.7      0.02    -0.05
HE0418-1021  52270.6897   70.8   2.4
WD0421+162   52332.5713   75.2   1.5              75.3  1.0      0.01    -0.03   polyn.
WD0421+162   52639.6382   75.4   1.0
HE0423-2822  52247.7771   68.5   9.8              75.3  5.5      5.81    -1.26   polyn., G&L, vrot, possible second component in spectrum
HE0423-2822  52540.7808   88.1   7.3
HE0423-2822  52271.5931   37.5  14.9
HS0424+0141  52334.5720  104.8  16.8 -40.0 40.0   82.4 12.3      2.23    -0.87
HS0424+0141  52337.5543   56.6  18.0 -40.0 40.0
HE0425-2015  52540.8003   55.2   2.1              57.1  1.8      1.28    -0.59
HE0425-2015  52542.8733   61.1   3.2
WD0425+168   52639.6446   73.7   0.8              75.0  0.9      2.93    -1.06
WD0425+168   52650.6922   78.1   1.5
HE0426-1011  52338.5515   73.4   1.0              74.7  0.9      1.69    -0.71   polyn., model fit relatively poor, possible second component
HE0426-1011  52540.8223   76.3   1.1
WD0426+106   52540.8431   79.9   4.5              77.5  4.1      1.00    -0.50   polyn., G&L
WD0426+106   52657.7080   65.5  10.0
HE0426-0455  51889.6415   15.1   8.2              25.0  0.9      0.87    -0.19
HE0426-0455  51889.6466   24.9   1.1
HE0426-0455  51885.7860   25.2   1.1
WD0431+126   52658.6662   72.6   1.4              73.7  1.1      0.62    -0.37
WD0431+126   52659.6916   74.9   1.4
HE0436-1633  52315.5722   29.2   1.3              27.2  1.0      2.13    -0.84
HE0436-1633  52540.8781   25.5   1.1
WD0437+152   52658.6739   21.1   2.0              20.3  1.5      0.19    -0.18
WD0437+152   52662.6347   19.4   2.2
WD0440-038   52315.5617  168.0  12.6 -40.0 40.0  186.4 10.4      3.80    -1.29   G&L
WD0440-038   52657.7179  224.4  18.1 -40.0 40.0
WD0446-789   52611.7553   35.7   1.2              35.7  0.8      0.00    -0.00
WD0446-789   52608.7974   35.7   0.7
HE0452-3429  52331.6357   59.7   2.8              64.2  1.0      1.62    -0.69
HE0452-3429  52338.5621   64.8   0.9
HE0452-3444  51924.6198   23.8   1.9              26.0  1.2      1.15    -0.55
HE0452-3444  51891.7758   27.4   1.5
WD0453-295   52213.8622  109.3   2.9 -30.0 30.0   83.7  1.2    852.53 <-100.  DD DAB, SB2
WD0453-295   52247.8269  149.7   2.3 -30.0 30.0
WD0453-295   52260.6734   44.0   1.5 -30.0 30.0
HE0455-5315  52247.8136  -73.3   8.7              40.6  3.2    304.76   -66.18DD
HE0455-5315  52331.6244  -29.3   6.0
HE0455-5315  52532.8692  102.6   4.2
WD0455-282   51801.8532   86.5   7.6 -40.0 40.0   70.9  3.2      2.99    -1.08   G&L
WD0455-282   52260.6835   67.6   3.4 -40.0 40.0
HE0456-2347  52315.5495   36.4   2.3              37.2  1.9      0.44    -0.09
HE0456-2347  52331.6583   40.0   3.7
HE0456-2347  53011.6811   35.6   5.6
HS0503+0154  52258.8346   15.7  20.7 -40.0 40.0   11.7  6.7      0.46    -0.10
HS0503+0154  52327.5268   15.9   8.8 -40.0 40.0
HS0503+0154  53013.5844    3.3  11.6 -40.0 40.0
HE0507-1855  51802.8594   64.3   6.2              55.1  3.6      1.94    -0.79
HE0507-1855  51804.8497   50.4   4.4
HS0507+0434B 52214.8576   28.8   5.2              41.3  1.4      9.51    -1.63   polyn., G&L
HS0507+0434B 52327.5399   36.3   2.4
HS0507+0434B 52650.7089   47.2   2.3
HS0507+0434B 52258.8051   42.9   2.7
HS0507+0434A 52331.6158   37.1   1.1              37.1  0.6      1.35    -0.14
HS0507+0434A 52337.5644   37.0   0.8
HS0507+0434A 52258.8133   36.1   1.0
HS0507+0434A 52658.6118   39.2   1.5
HE0508-2343  52006.5174  120.9   1.5             120.2  1.4      0.46    -0.30
HE0508-2343  52008.5351  118.2   2.5
WD0509-007   51801.8672   27.7   2.5              27.1  2.0      0.07    -0.10
WD0509-007   52258.8207   26.4   3.0
WD0510-418   52213.8426   19.7  39.0 -40.0 40.0   32.5  5.9      4.25    -0.63
WD0510-418   52247.8405   53.3  29.9 -40.0 40.0
WD0510-418   52327.5614  -18.1  20.3 -40.0 40.0
WD0510-418   52852.9103   36.9   6.3 -40.0 40.0
WD0511+079   51802.8316   19.4   3.0              19.7  2.4      0.01    -0.04   G&L, vrot
WD0511+079   52154.9008   20.1   4.0
HE0516-1804  51884.8149   49.8  13.7              26.9  3.1      1.70    -0.72   polyn., G&L, Halpha core of a spectrum corrupted
HE0516-1804  51885.8515   25.8   3.1
WD0518-105   51891.7526  128.9  17.1 -40.0 40.0  130.9  8.2      0.01    -0.04
WD0518-105   51924.6599  131.4   9.3 -40.0 40.0
HE0532-5605  51802.8488   75.7   3.4              74.1  2.6      0.31    -0.24   polyn., G&L, vrot
HE0532-5605  51803.8974   72.0   3.8
WD0548+000   51802.8700   74.6  19.3 -40.0 40.0   89.6  9.8      0.48    -0.31   G&L
WD0548+000   51803.9061   94.9  11.4 -40.0 40.0
WD0549+158   52295.6043   27.7   1.3              30.0  0.9     10.76    -2.34   G&L
WD0549+158   52542.8816   35.3   1.4
WD0549+158   52324.5980   27.2   1.3
WD0556+172   52295.6138   85.9   1.3              82.8  1.1      5.31    -1.67
WD0556+172   52326.5417   79.3   1.5
WD0558+165   52295.6248   78.9   1.4              79.7  1.0      0.29    -0.23
WD0558+165   52326.5531   80.3   1.2
WD0603-483   51884.8434   58.4  14.5 -30.0 30.0   55.1  7.0      1.33    -0.29
WD0603-483   51924.6708   47.3   9.1 -30.0 30.0
WD0603-483   51944.7519   74.7  16.0 -30.0 30.0
WD0612+177   52322.6775   47.3   1.0              47.1  0.7      0.05    -0.08
WD0612+177   52324.6056   46.9   0.7
WD0621-376   51801.8757   33.5   0.8 -30.0 30.0   32.9  0.7      0.44    -0.30   G&L
WD0621-376   52006.5520   32.4   0.6 -30.0 30.0
WD0628-020   52632.8579  108.4   1.2             107.7  1.0      0.28    -0.23   G&L
WD0628-020   52637.7947  107.0   1.2
WD0630-050   51885.8077    3.5  16.9 -40.0 40.0   29.2 11.3      2.43    -0.92
WD0630-050   51888.8405   49.7  15.1 -40.0 40.0
WD0642-285   52007.5556   44.1   1.7              44.1  1.8      0.00     0.00
WD0646-253   52007.5639   70.9   1.0              69.0  0.9      3.48    -1.21
WD0646-253   52231.8497   66.6   1.1
WD0659-063   51884.8578   28.2   0.8              28.1  0.9      0.06    -0.01   G&L
WD0659-063   51895.8489   29.1   5.3
WD0659-063   51885.8277   27.7   1.6
WD0710+216   52322.6880   40.8   2.0              36.7  1.1      3.15    -1.12   G&L
WD0710+216   52324.6158   35.2   1.1
WD0715-703   52006.5612    7.2   6.2 -40.0 40.0    7.2  5.4      0.00    -0.00   G&L, vrot
WD0715-703   52033.4908    7.3  10.6 -40.0 40.0
WD0721-276   52008.5477    9.2  10.3 -30.0 30.0    7.5  5.5      0.02    -0.05
WD0721-276   52033.4765    6.9   6.5 -30.0 30.0
WD0732-427   52008.5557   92.2   0.8              91.8  0.9      0.23    -0.20   G&L
WD0732-427   52033.4983   90.9   1.6
WD0752-676   52008.5629   92.3   1.5              93.2  1.2      0.36    -0.26   polyn., G&L, vrot
WD0752-676   52033.5068   94.2   1.6
WD0810-728   52008.5781   47.2   2.4              46.9  1.9      0.76    -0.17
WD0810-728   52033.5221   42.1   4.8
WD0810-728   52033.5316   48.7   3.4
HS0820+2503  52663.6537   49.4   8.2 -30.0 30.0   56.8  5.2      0.80    -0.43
HS0820+2503  52688.6198   61.8   6.8 -30.0 30.0
WD0830-535   52008.5942   39.5   2.3              41.3  1.7      0.73    -0.16
WD0830-535   52033.5506   45.0   5.0
WD0830-535   52770.4835   42.4   2.5
WD0838+035   52322.7123   19.7   3.6 -40.0 40.0   22.3  2.6      0.59    -0.36   G&L
WD0838+035   52326.5806   25.0   3.7 -35.0 40.0
WD0839-327   52008.6016   52.9   0.3              53.0  0.5      0.07    -0.10   G&L, vrot
WD0839-327   52033.5618   53.2   0.4
WD0839+231   52322.7217   -1.6   1.5              -1.8  1.3      0.01    -0.04
WD0839+231   52327.5967   -2.0   1.9
WD0852+192   52650.7402   23.7   2.1              22.5  1.5      0.32    -0.24
WD0852+192   52663.6723   21.5   2.0
WD0858+160   52663.7270   69.2   1.4              68.2  1.1      0.55    -0.34
WD0858+160   52689.6043   67.1   1.4
WD0859-039   52256.8531    5.1   0.6               4.6  0.6      1.15    -0.25
WD0859-039   52261.8292    3.0   1.2
WD0859-039   52271.8497    5.0   0.8
WD0908+171   52329.6938   23.7   2.1              23.2  1.1      0.04    -0.07
WD0908+171   52635.8568   23.1   1.1
WD0911-076   51657.5806   56.7   1.3              55.8  1.2      0.52    -0.33
WD0911-076   51660.6279   54.5   1.7
WD0916+064   52008.6113   15.3  18.1 -40.0 40.0   27.5 10.7      2.13    -0.26
WD0916+064   52033.5744  110.5  56.0 -40.0 40.0
WD0916+064   52033.5849   68.2  41.6 -40.0 40.0
WD0916+064   52992.7959   24.8  14.4 -40.0 40.0
PG0922+162B  52320.7143   74.6   2.8              74.9  2.9      0.48    -0.31
PG0922+162B  52327.6333   97.6  25.2
PG0922+162A  52322.7422   74.3   2.4              74.7  2.0      0.04    -0.08
PG0922+162A  52327.6179   75.4   3.3
WD0922+183   52329.6812   35.8   3.9              31.1  2.0      1.04    -0.51
WD0922+183   52636.8425   29.6   2.2
WD0928-713   52044.5067   77.5   1.0              74.3  0.7      6.65    -1.08   G&L
WD0928-713   52258.7424   73.5   4.5
WD0928-713   52258.7676   73.5   1.0
WD0928-713   52387.6135   72.0   0.9
HS0926+0828  52329.7058   52.5   2.9              49.2  2.1      1.38    -0.62
HS0926+0828  52663.6819   46.2   2.8
HS0929+0839  52663.7362   39.3   2.0              40.8  1.9      1.12    -0.54   Halpha core of b spectrum corrupted
HS0929+0839  52690.5600   45.3   3.7
HS0931+0712  52322.7528   22.8  15.1 -30.0 30.0   18.1  9.9      0.10    -0.12
HS0931+0712  52327.6568   14.6  13.0 -30.0 30.0
HS0933+0028  52656.6680   31.4  13.6 -40.0 40.0   38.6  6.7      0.22    -0.19
HS0933+0028  52663.6980   40.9   7.7 -40.0 40.0
HS0937+0130  52356.6246   47.9   3.7              43.1  2.4      1.66    -0.70
HS0937+0130  52636.8520   39.6   3.1
WD0937-103   52322.7635   67.6   2.2              70.8  1.7      2.59    -0.97
WD0937-103   52327.6866   75.0   2.6
WD0939-153   51657.5924   41.6   1.3              40.9  0.9      0.22    -0.20   polyn.
WD0939-153   51660.6385   40.4   1.1
HS0940+1129  52663.7462   72.4   2.5              70.0  1.9      1.04    -0.51
HS0940+1129  52690.5719   67.4   2.6
HS0943+1401  52663.7555   46.8   2.0              46.9  1.9      0.00    -0.01
HS0943+1401  52695.5935   46.9   4.0
HS0944+1913  52663.7650   66.2   0.8              67.3  0.8      1.74    -0.73
HS0944+1913  52695.5836   68.9   1.0
WD0945+245   52317.6963   89.8   1.9              92.1  1.6      1.84    -0.76   polyn., G&L
WD0945+245   52327.6969   95.5   2.4
HS0949+0935  52263.8412   35.9   3.7              35.0  2.6      0.05    -0.09
HS0949+0935  52327.7067   34.3   3.5
HS0949+0823  52663.7756   29.5   3.2              29.3  1.4      7.80    -1.00
HS0949+0823  52663.7857   35.0   2.8
HS0949+0823  52684.6887   25.1   3.1
HS0949+0823  52684.6966   34.8   3.2
HS0949+0823  52992.7845   23.2   2.7
WD0950+077   52009.5816   18.8   1.0              19.4  0.8      0.34    -0.25
WD0950+077   52356.6573   20.1   1.0
WD0951-155   51657.6033   31.7   1.7              28.3  1.2      3.41    -1.19
WD0951-155   51660.6485   25.9   1.4
WD0954+134   52328.6859   13.6   3.0              11.8  2.4      0.52    -0.33
WD0954+134   52329.7169    9.1   3.6
WD0955+247   52260.8537   58.7   0.9              57.6  0.7      1.07    -0.52   G&L
WD0955+247   52272.8556   56.7   0.7
WD0956+045   51924.6892   61.8   2.4              65.5  1.2      1.78    -0.39
WD0956+045   51924.7132   67.8   2.7
WD0956+045   51946.6652   66.1   1.4
WD0956+020   51657.6136   57.5   0.8              58.5  0.8      1.21    -0.57
WD0956+020   51660.6641   60.0   1.2
PG0959-085   51706.5129   42.1   6.7 -30.0 30.0   42.9  5.1      0.02    -0.05   G&L
PG0959-085   51703.5093   44.0   7.9 -30.0 30.0
WD1000-001   52009.6047   72.9   2.0              72.5  1.8      0.07    -0.10
WD1000-001   52033.6012   71.4   3.7
WD1003-023   51924.7023   31.9   1.3              31.3  1.0      0.15    -0.15
WD1003-023   51946.6753   30.9   1.2
HS1003+0726  52418.5841   55.2   5.8              54.7  1.3      0.38    -0.08
HS1003+0726  52656.7130   53.9   1.6
HS1003+0726  53011.7997   56.2   2.3
WD1010+043   52328.6974   64.1   4.8              61.0  3.5      0.51    -0.32
WD1010+043   52329.7280   57.4   5.1
HE1012-0049  51655.6269   25.2   2.0              26.0  1.8      0.32    -0.24
HE1012-0049  51681.4868   28.3   3.5
HS1013+0321  52418.5953   37.5   2.6              38.0  1.6      0.03    -0.06   G&L
HS1013+0321  52663.7072   38.3   2.0
WD1013-010   52663.7957  183.4   1.0             168.0  0.9    176.49   -39.55DD G&L, vrot
WD1013-010   52684.7071  153.5   1.0
WD1015-216   51655.6784    7.8   2.7               7.6  2.2      0.01    -0.03
WD1015-216   51681.4990    7.3   3.7
WD1015+076   51924.7469   16.4   8.4              16.4  8.4      0.00     0.00
WD1015+161   52322.7865   63.9   1.5              65.4  0.9      0.78    -0.42
WD1015+161   52327.7170   66.1   0.9
WD1017-138   52387.6762   49.3   3.4 -30.0 30.0   50.0  2.1      0.04    -0.08
WD1017-138   52656.7210   50.4   2.6 -30.0 30.0
WD1017+125   51924.7369    8.9   1.7              13.5  1.3      7.50    -2.21
WD1017+125   51939.8475   18.3   1.8
WD1019+129   51924.8406   70.8   1.5              68.7  1.0      1.61    -0.69
WD1019+129   51939.8575   67.4   1.1
WD1020-207   51655.6891   77.1   0.9              77.1  0.9      0.00    -0.00
WD1020-207   51681.5085   77.2   1.4
WD1022+050   51919.8946  103.8   1.5              52.7  1.0    841.49 <-100.  DD polyn., G&L
WD1022+050   53013.8146   25.1   1.0
WD1023+009   52330.7550   33.9   6.5 -40.0 40.0   34.0  5.8      0.00    -0.01
WD1023+009   52656.7033   34.5  13.1 -40.0 40.0
WD1026+023   52009.7189   16.9   1.0              15.3  0.6      1.39    -0.30   G&L
WD1026+023   52418.6043   14.4   1.2
WD1026+023   52656.7276   14.8   0.6
WD1031-114   52087.4720   34.7   0.6              35.7  0.6      1.35    -0.61
WD1031-114   52089.4805   36.7   0.7
WD1031+063   52009.7294   46.9   2.1              47.5  1.9      0.17    -0.17
WD1031+063   52663.7166   49.1   3.3
WD1036+085   52009.7412   17.1   8.6              19.1  2.1      0.03    -0.07
WD1036+085   52656.7444   19.2   2.0
HS1043+0258  52663.8213   20.3   2.0              20.0  1.3      0.03    -0.06
HS1043+0258  52684.7354   19.7   1.5
WD1049-158   52387.6333   69.6   1.1              70.3  0.9      0.42    -0.29
WD1049-158   52616.8086   71.1   1.1
WD1053-550   52044.5187   19.4   0.9              19.3  0.8      0.01    -0.04
WD1053-550   52069.5214   19.2   0.8
WD1053-290   51657.6374   19.7   1.1              18.8  1.1      1.24    -0.57   polyn., G&L, vrot
WD1053-290   51681.5652   15.8   2.2
WD1053-092   51703.4915   19.0   2.9              21.6  2.1      0.95    -0.48
WD1053-092   51706.4974   24.5   3.1
HS1053+0844  52322.7977   23.8   3.9              26.4  1.8      0.33    -0.25
HS1053+0844  52327.7283   27.2   1.9
WD1056-384   52044.5273   41.8   1.2              41.7  1.0      0.00    -0.02
WD1056-384   52069.5281   41.7   1.3
WD1058-129   51681.6696   55.1   5.9              70.3  1.6     10.06    -1.40
WD1058-129   51683.5080   77.9   2.7
WD1058-129   51920.8751   66.1   5.1
WD1058-129   52087.5514   71.1   2.7
WD1058-129   52387.7118   64.2   3.6
HS1102+0934  52330.7772  138.6   3.5             113.6  1.9    218.35   -47.41DD
HS1102+0934  52336.7983   76.0   2.6
HS1102+0934  52657.7283  156.7   3.7
WD1102-183   51657.6487   62.1   1.2              59.9  0.7      2.19    -0.48   polyn., G&L
WD1102-183   51683.5160   59.4   0.9
WD1102-183   52087.5433   58.7   1.1
HS1102+0032  52393.7094   57.2   2.1              55.0  1.4      0.89    -0.46
HS1102+0032  52657.7357   53.7   1.6
WD1105-048   52387.6951   47.4   0.5              47.9  0.6      0.46    -0.30   G&L, unusually bad model fit
WD1105-048   52656.7676   48.4   0.5
HE1106-0942  51739.4668  129.7   2.4             129.2  2.0      0.07    -0.10   DAO, G&L
HE1106-0942  51743.4954  128.3   3.3
HS1115+0321  52393.7011   34.1   1.5              34.7  0.9      0.09    -0.12
HS1115+0321  52656.7756   34.9   0.8
WD1115+166   52330.6807   33.3   1.7 -30.0 30.0   49.6  1.3     97.54   -22.28DD DAB, SB2, G&L
WD1115+166   52336.8111   65.7   1.6 -30.0 30.0
WD1116+026   52663.8385   46.1   1.5              46.8  1.1      0.18    -0.17   G&L
WD1116+026   52684.7530   47.4   1.4
HE1117-0222  51656.5634   43.0   1.0              40.7  1.0      6.02    -1.85
HE1117-0222  51681.5835   36.4   1.5
WD1121+216   52327.7376   61.5   0.5              61.8  0.6      0.16    -0.16   G&L
WD1121+216   52288.8680   62.1   0.5
WD1122-324   51657.6597    2.9   1.2               2.9  1.0      0.00    -0.00
WD1122-324   51683.5262    2.8   1.4
WD1123+189   52330.6921   13.8  10.0 -40.0 40.0   12.0  8.4      0.06    -0.10   G&L
WD1123+189   52336.8192    7.8  15.3 -40.0 40.0
HE1124+0144  51727.4800   72.5   1.2              72.3  1.0      0.01    -0.04
HE1124+0144  51728.4838   72.2   1.3
WD1124-293   51657.6709   29.4   0.7 -10.0 15.0   29.4  0.8      0.00    -0.02   polyn., G&L, +CaK
WD1124-293   51681.5945   29.2   1.5 -10.0 15.0
WD1124-018   52328.8413  -17.2   2.5              38.1  1.7    454.57 <-100.  DD
WD1124-018   52330.7891   79.2   2.2
WD1125-025   52657.7604   55.8   3.8 -30.0 30.0   55.0  3.1      0.07    -0.10
WD1125-025   52658.7043   53.6   5.0 -30.0 30.0
WD1125+175   52328.7660   14.9  14.5 -40.0 40.0    7.0  6.5      0.22    -0.19
WD1125+175   52330.8128    5.0   7.2 -40.0 40.0
WD1126-222   51657.6823   54.3   2.9              52.8  2.5      0.52    -0.33   polyn., G&L, vrot
WD1126-222   51683.5356   49.0   4.7
WD1129+071   52657.8575   12.7   1.0              11.7  1.0      1.02    -0.50
WD1129+071   52663.8644   10.2   1.4
WD1129+155   52322.8171   36.3   1.6              37.8  1.2      0.77    -0.42   G&L
WD1129+155   52327.7452   39.0   1.4
WD1130-125   51681.6895   51.2   3.2              59.9  1.3      4.81    -1.55   G&L
WD1130-125   51683.5543   61.4   1.2
HS1136+1359  52393.6906   13.0   6.3              15.0  4.9      0.15    -0.15
HS1136+1359  52657.7707   18.0   7.6
HS1136+0326  52657.7808   22.6   2.6              23.7  2.5      0.62    -0.36
HS1136+0326  52658.7136   29.4   6.1
WD1141+077   51920.8833   38.9   2.1 -30.0 30.0   35.8  1.8      3.55    -1.23   G&L
WD1141+077   53013.8200   29.0   3.3 -30.0 30.0
WD1144-246   51656.7204   -4.3   2.5              -6.1  2.0      0.77    -0.42
WD1144-246   51681.6283   -9.1   3.2
HS1144+1517  52328.7957   32.7   1.8              33.5  1.6      0.36    -0.26
HS1144+1517  52330.8408   35.5   3.0
WD1145+187   52322.8263   40.0   1.4              41.1  1.1      0.56    -0.34
WD1145+187   52327.7537   42.0   1.3
WD1147+255   52657.7908   59.4   3.8              62.0  2.4      0.45    -0.30   G&L
WD1147+255   52663.8467   63.7   3.0
WD1149+057   51924.8597   15.9  18.0               2.3  2.4      0.34    -0.25   G&L, spectrum 2001-02-04T06:25:52 not fitted, poor quality
WD1149+057   51946.6901    2.1   2.3
WD1150-153   51657.6935   25.3   0.9 -10.0 15.0   23.0  0.8      4.75    -1.53   G&L, +CaK
WD1150-153   51683.5645   20.8   0.9 -10.0 15.0
HE1152-1244  51656.5947   31.5   1.1              30.8  0.9      0.35    -0.25
HE1152-1244  51683.5778   30.1   1.1
WD1152-287   51736.5345  113.0  11.0              91.4  2.1      3.08    -0.67
WD1152-287   51736.5425   87.4   3.5 -30.0 30.0
WD1152-287   51740.4619   92.4   2.6
HS1153+1416  52657.7997   10.9   4.5               9.7  2.1      0.05    -0.08
HS1153+1416  52684.7633    9.4   2.3
WD1155-243   51740.4953   44.3   1.5              45.4  1.1      0.49    -0.32
WD1155-243   51743.5091   46.3   1.3
WD1159-098   51728.5035   72.5   1.1              73.7  0.9      0.86    -0.45   G&L
WD1159-098   51731.4596   74.6   1.0
WD1201-001   51742.5076   55.5   1.4              56.5  1.2      0.72    -0.40
WD1201-001   51739.4982   58.4   2.0
WD1201-049   52322.8366   31.2  13.7 -40.0 40.0   18.6  9.8      1.01    -0.50   G&L
WD1201-049   52327.7629    5.4  14.1 -40.0 40.0
WD1202-232   51657.7037   23.1   0.4 -10.0 15.0   23.3  0.6      0.19    -0.18   polyn., G&L, vrot, +CaK
WD1202-232   51681.6363   23.8   0.7 -10.0 15.0
WD1204-322   51657.7234   13.6   1.5              14.6  1.1      0.64    -0.14
WD1204-322   51681.6440   16.7   2.4
WD1204-322   53013.8274   14.8   1.8
WD1204-136   51657.7127   37.3   1.4              37.5  1.0      0.02    -0.00   polyn., G&L, vrot
WD1204-136   51681.6534   37.4   3.2
WD1204-136   53013.8387   37.7   1.3
HS1204+0159  52328.8176   21.0   3.0              24.6  2.5      2.49    -0.94
HS1204+0159  52329.7974   31.8   4.2
WD1207-157   51740.5046    6.4   1.8               6.7  1.6      0.06    -0.09
WD1207-157   51743.5349    7.4   2.6
WD1210+140   52657.8068   67.8   2.5               6.5  1.9    726.43 <-100.  DD G&L
WD1210+140   52658.7568  -62.9   2.6
WD1214+032   52657.7496   36.4   1.3              36.4  1.4      0.00     0.00   polyn., G&L, vrot
HE1215+0227  51738.4628   29.4  13.9 -40.0 40.0   32.8  6.4      0.04    -0.08
HE1215+0227  51741.4753   33.6   7.1 -40.0 40.0
WD1216+036   52069.5569   36.7   1.3              35.4  1.1      1.16    -0.55
WD1216+036   52080.5550   33.5   1.7
WD1218-198   51684.6079   -0.2  13.8 -40.0 40.0   -1.0  9.2      0.00    -0.02
WD1218-198   51685.6803   -1.6  12.2 -40.0 40.0
WD1220-292   51684.5611   18.6   0.8              19.3  0.9      1.46    -0.65
WD1220-292   51685.6900   22.0   1.8
HE1225+0038  51656.6225   11.3   0.7 -10.0 15.0   11.2  0.7      0.20    -0.04   polyn., G&L, +CaK
HE1225+0038  51681.6629   10.4   1.4 -10.0 15.0
HE1225+0038  51730.4803   11.5   1.0 -10.0 15.0
WD1229-012   51684.5779   17.6   0.8              17.2  0.7      0.12    -0.14   G&L
WD1229-012   51686.5580   16.9   0.7
WD1230-308   51684.5871   58.4   3.4              56.1  3.1      1.34    -0.61
WD1230-308   51686.5948   46.8   6.9
WD1231-141   51684.5981    6.6   1.4              10.1  1.1      5.19    -1.64
WD1231-141   51686.6044   13.0   1.3
HE1233-0519  51737.4654   62.3   8.6 -40.0 40.0   49.5  4.5      1.80    -0.74   G&L, magnetic
HE1233-0519  51741.4860   44.7   5.2 -40.0 40.0
WD1233-164   52387.4971   65.4   4.7              61.0  1.6      1.02    -0.22
WD1233-164   52657.8130   62.0   2.4
WD1233-164   52658.7388   59.1   2.2
WD1236-495   52044.5600   74.4   1.9              73.0  1.3      0.43    -0.29   polyn., G&L
WD1236-495   52068.5906   72.1   1.5
WD1237-028   52080.4824   57.8   3.1              61.7  1.7      1.26    -0.58   polyn., G&L
WD1237-028   52117.5042   63.3   1.9
WD1241+235   52322.8816    8.9   3.0               8.7  1.8      0.00    -0.01
WD1241+235   52326.8787    8.7   2.2
WD1241-010   51684.6160    0.5   0.6              -2.4  0.7     11.94    -3.26
WD1241-010   51686.5644   -5.4   0.6
HS1243+0132  52393.7289   49.0   3.7              46.2  2.7      0.62    -0.36
HS1243+0132  52656.8442   43.5   3.7
WD1244-125   51687.6284   29.2   1.1              27.9  0.9      1.33    -0.60   polyn.
WD1244-125   51730.4725   26.4   1.2
HE1247-1130  52387.5492   18.3   4.2              18.4  3.5      0.00    -0.02
HE1247-1130  52393.7210   18.8   5.9
EC12489-2750 51738.5636   39.0   3.4 -40.0 40.0   35.0  3.1      4.47    -1.46   G&L
EC12489-2750 51741.4973   16.3   7.4 -40.0 40.0
HS1249+0426  52080.5201   22.8   3.3              25.7  2.8      1.55    -0.67   polyn., G&L
HS1249+0426  52113.5070   32.8   5.1
WD1249+160   52326.8886   11.3   1.3              10.9  0.9      0.09    -0.11
WD1249+160   52328.7291   10.6   1.0
WD1249+182   52328.8518   -2.4   1.4              -3.5  1.0      0.53    -0.33   polyn.
WD1249+182   52329.8201   -4.4   1.2
HE1252-0202  51738.5729   23.4   1.9              24.4  1.6      0.34    -0.25
HE1252-0202  51741.5065   25.8   2.4
WD1254+223   52328.8609    8.1   3.1 -40.0 40.0    8.3  2.5      0.01    -0.04   G&L
WD1254+223   52329.8809    8.7   3.9 -40.0 40.0
WD1257+047   51684.6222   43.5   1.5              41.8  1.1      1.20    -0.56
WD1257+047   51686.5802   40.2   1.4
WD1257+032   51939.8754   22.3   1.3              24.2  0.9      1.67    -0.71   Halpha core of 2001/01/30 spectrum somewhat corrupted
WD1257+032   51942.8896   25.4   0.9
WD1257+037   51683.6735  101.7   5.7             100.6  4.2      0.05    -0.08   polyn., G&L, vrot
WD1257+037   51686.6252   99.2   6.1
HE1258+0123  51703.5253   41.1   3.5              40.7  2.6      0.01    -0.04
HE1258+0123  51727.6046   40.3   3.6
WD1300-098   52080.5322   39.3   5.6              36.8  5.1      0.55    -0.34   G&L, possibly magnetic
WD1300-098   52136.5167   27.0  11.3
HS1305+0029  52080.5679   37.6   2.3              36.9  1.3      0.07    -0.10
HS1305+0029  52656.8630   36.7   1.3
WD1305-017   52658.7638   -4.1  55.4 -40.0 40.0   12.9 16.3      0.32    -0.07   DAO
WD1305-017   52684.7734   30.9  29.7 -40.0 40.0
WD1305-017   52684.8071    6.5  20.8 -40.0 40.0
HE1307-0059  51739.5103   50.0   2.0              51.4  1.5      0.49    -0.32
HE1307-0059  51742.5189   52.6   1.9
HS1308+1646  52658.8029   48.0   3.7              46.2  2.6      0.27    -0.22   G&L, vrot
HS1308+1646  52684.7878   44.5   3.6
WD1308-301   51687.6460   66.9   0.5              66.4  0.6      0.52    -0.33   G&L
WD1308-301   51703.5561   65.8   0.6
HE1310-0337  51736.6041   55.6   7.4 -30.0 30.0   44.1  4.4      2.12    -0.84
HE1310-0337  51740.5418   38.0   5.4
WD1310-305   52378.7125   34.0   1.0              35.1  0.8      1.18    -0.26   G&L
WD1310-305   52659.7641   35.2   1.1
WD1310-305   52658.7452   36.9   1.5
EC13123-2523 51656.6350   30.6   1.3 -30.0 30.0   29.0  1.3      3.33    -1.17   G&L
EC13123-2523 51659.7365   23.1   2.7 -30.0 30.0
WD1314-153   52387.5661  108.8   1.2             107.2  0.8      1.99    -0.43
WD1314-153   52659.7707  107.4   1.1
WD1314-153   52658.7707  105.3   1.2
WD1314-067   51947.7127   26.6   2.9              29.2  1.7      0.64    -0.37
WD1314-067   51948.8802   30.4   2.0
HE1315-1105  51657.5720   31.9   1.2 -10.0 15.0   31.7  1.0      0.04    -0.08   polyn., G&L, +CaK
HE1315-1105  51683.6385   31.4   1.2 -10.0 15.0
WD1323-514   52044.5684   -2.5   1.0              -3.3  0.8      0.39    -0.27
WD1323-514   52068.5973   -3.8   0.8
HE1325-0854  51684.5305    0.3   0.7               0.8  0.8      0.45    -0.30
HE1325-0854  51686.5484    1.7   1.1
HE1326-0041  51738.5839   25.9   2.3              29.1  1.7      2.15    -0.85
HE1326-0041  51741.5177   32.2   2.2
WD1326-236   51739.5221    8.0   1.7               6.6  1.0      0.43    -0.29   polyn.
WD1326-236   51742.5301    6.1   0.9
WD1327-083   52382.7000   40.0   0.3              40.4  0.4      0.29    -0.06   G&L
WD1327-083   52684.7967   40.8   0.3
WD1327-083   52658.7768   40.3   0.4
HE1328-0535  51738.5953   30.6  13.6 -40.0 40.0   12.0 11.0      3.25    -1.15
HE1328-0535  51741.5280  -24.4  19.0 -40.0 40.0
WD1328-152   51755.5256   -1.8   2.3 -30.0 30.0    1.5  1.9      3.31    -1.16   G&L
WD1328-152   52087.5228    7.9   3.3 -30.0 30.0
WD1330+036   51684.6300   18.9   1.0              21.4  0.9      5.37    -1.69
WD1330+036   51687.5609   24.3   1.1
WD1332-229   51684.6404   13.4   1.9              16.5  1.4      2.71    -1.00
WD1332-229   51686.6366   19.4   1.8
WD1334+039   51755.5175  204.3  17.1             183.4  8.6      1.18    -0.56   G&L, fit without model spectrum
WD1334+039   52136.5070  176.2  10.0
HS1334+0701  52078.5495  -36.1   2.0             -44.8  1.7     26.19    -6.51DD polyn.
HS1334+0701  52387.7572  -59.4   2.7
WD1334-160   51703.5671   52.3   1.3              51.9  0.9      0.08    -0.11
WD1334-160   51706.5492   51.7   0.9
WD1334-678   51755.5377   64.7   0.9              65.5  0.9      1.34    -0.61   G&L
WD1334-678   52044.5783   67.9   1.7
HE1335-0332  51740.5520   49.8   5.3              56.7  3.4      1.67    -0.71
HE1335-0332  51743.5467   61.5   4.4
HS1338+0807  52080.5960   70.5   5.0              71.8  2.5      0.05    -0.08
HS1338+0807  52140.4947   72.2   2.8
HE1340-0530  51741.5685   19.9   6.7 -40.0 40.0   24.7  5.5      0.90    -0.46
HE1340-0530  51743.5565   34.5   9.6 -40.0 40.0
WD1342-237   51739.5323   54.4   2.1              50.2  1.7      5.41    -1.70   polyn., G&L
WD1342-237   51742.5398   43.9   2.6
WD1344+106   51755.5603  -11.6   0.7             -10.4  0.7      1.92    -0.78   polyn., G&L
WD1344+106   52066.6052   -9.2   0.7
WD1348-273   52387.5731   61.4   2.0              58.2  1.5      3.86    -0.84   G&L
WD1348-273   52659.8176   53.3   2.3
WD1348-273   52658.7926   60.8   4.0
WD1349+144   51947.8050   29.2   2.8             -18.3  1.7    239.52   -53.30DD SB2
WD1349+144   51948.8908  -43.4   2.0
WD1350-090   51739.5514   53.4   1.3              54.3  1.0      0.43    -0.29   polyn., G&L, magnetic
WD1350-090   51742.5478   55.1   1.3
WD1356-233   51703.5780  -22.8   1.0             -21.0  0.8      2.61    -0.97   polyn., G&L
WD1356-233   51706.5594  -19.2   1.0
WD1401-147   51739.5432   19.3   2.2              14.6  1.7      5.06    -1.61   polyn., G&L
WD1401-147   51742.5626    9.5   2.3
WD1403-077   51947.7238   45.8  20.3 -40.0 40.0   30.4 11.2      0.48    -0.31
WD1403-077   51950.8265   23.7  13.3 -40.0 40.0
WD1410+168   52387.7646    2.7   2.2               3.6  1.5      0.12    -0.14
WD1410+168   52770.5395    4.1   1.9
HS1410+0809  52387.6042   66.7   4.0              66.7  4.1      0.00     0.00
WD1411+135   52080.6076   42.4   3.8              46.6  2.1      1.00    -0.50
WD1411+135   52140.5131   48.3   2.4
WD1412-109   52137.5668   20.1   2.3              19.8  1.9      0.01    -0.04
WD1412-109   52140.5473   19.5   2.9
HE1413+0021  51738.6274   31.6   1.6              32.1  1.2      0.12    -0.14
HE1413+0021  51741.5480   32.7   1.6
HE1414-0848  51684.6867 -106.3   2.0              53.2  1.2   4901.98 <-100.  DD SB2, polyn., G&L
HE1414-0848  51687.6106  128.9   3.1
HE1414-0848  52080.6207  135.4   3.0
HE1414-0848  52137.5343  128.0   1.9
WD1418-088   51739.5605  -37.1   1.5             -34.1  1.2      4.09    -1.36   G&L, vrot
WD1418-088   51742.5722  -30.9   1.6
WD1420-244   51684.6506   25.0   2.7              22.7  1.8      0.67    -0.38
WD1420-244   51687.5902   21.2   2.2
WD1422+095   51739.5691   -0.4   1.0              -0.5  0.8      0.01    -0.03   polyn., G&L
WD1422+095   51742.5541   -0.6   0.9
WD1426-276   51730.6705   73.2   1.3              74.7  1.0      1.27    -0.58
WD1426-276   51731.6164   76.2   1.3
HE1429-0343  51739.5781   59.2   3.0              58.0  2.7      0.35    -0.26   polyn., G&L
HE1429-0343  51742.5825   54.3   5.4
HS1430+1339  52143.5108   23.3   2.3              18.9  1.8      4.14    -1.38   polyn., G&L
HS1430+1339  52140.5360   13.9   2.5
WD1425-811   52386.6998   30.8   1.1              32.8  0.8      2.23    -0.87   polyn., G&L
WD1425-811   52720.8732   34.0   0.7
WD1431+153   52136.5291   11.9   2.0              10.9  1.4      0.21    -0.19   polyn.
WD1431+153   52142.4997   10.2   1.7
HS1432+1441  52142.5121   74.7   1.3              73.2  1.0      1.23    -0.57
HS1432+1441  52137.5026   71.8   1.2
WD1434-223   51684.6615  -73.3   4.5             -73.3  4.6      0.00     0.00
HE1441-0047  51738.6668   27.1   5.5              22.3  3.7      0.80    -0.43   G&L, vrot
HE1441-0047  51741.5595   18.4   4.9
HS1447+0454  52078.5930   -1.6   0.7              -2.6  0.7      1.48    -0.65   polyn., G&L
HS1447+0454  52137.5456   -3.9   0.8
WD1448+077   51755.5806 -107.2   0.9            -106.8  0.8      0.27    -0.22
WD1448+077   52078.5403 -106.1   1.2
WD1449+168   52393.7762   54.7   3.1              53.9  1.5      0.06    -0.09
WD1449+168   52387.7490   53.6   1.6
WD1451+006   51684.6722    1.8   1.6               3.2  1.2      0.65    -0.38
WD1451+006   51687.6004    4.3   1.5
WD1457-086   51738.6775   22.3   2.1 -10.0 15.0   20.4  1.3      0.62    -0.37   G&L, +CaK
WD1457-086   51741.5907   19.4   1.5 -10.0 15.0
WD1500-170   51703.6251   -8.1   2.9 -30.0 30.0   -8.5  2.0      0.02    -0.05
WD1500-170   51706.5792   -8.8   2.6 -30.0 30.0
WD1501+032   51947.8351  -17.2   1.1             -16.5  0.8      0.32    -0.24
WD1501+032   51950.8464  -15.9   0.9
WD1503-093   51696.7399    1.0   1.7              -0.3  1.1      0.47    -0.31   G&L
WD1503-093   51701.7063   -1.1   1.3
WD1507+220   52387.7919  -51.4   1.1             -52.0  0.7      4.21    -0.62
WD1507+220   52771.5979  -40.9   4.5
WD1507+220   52799.5451  -52.1   1.7
WD1507+220   53065.8615  -53.0   0.9
WD1507+021   52443.5669   34.9   2.4              34.9  2.5      0.00     0.00
WD1507-105   51696.7505  -17.9   4.4             -16.0  1.1      0.12    -0.14   G&L
WD1507-105   51701.7202  -15.9   0.9
HE1511-0448  51696.7628  -32.9  18.1 -30.0 30.0  -82.6  1.4     89.86   -17.85DD G&L
HE1511-0448  51701.7314  -71.3   2.2 -30.0 30.0
HE1511-0448  51701.7425  -73.5   4.0 -30.0 30.0
HE1511-0448  52108.5059 -105.1   2.2 -30.0 30.0
HE1511-0448  52078.6243  -66.7   3.3 -30.0 30.0
WD1511+009   51947.8452   13.2   3.5              15.6  2.5      0.56    -0.34
WD1511+009   51950.8559   18.2   3.6
WD1515-164   51703.6359   46.0   1.1              46.2  1.0      0.02    -0.06
WD1515-164   51706.5904   46.4   1.4
HS1517+0814  52080.6468   46.5   2.2              45.2  1.3      0.25    -0.21
HS1517+0814  52116.4862   44.7   1.4
HE1518-0344  51730.6513   27.2   3.8              24.6  3.2      0.87    -0.46
HE1518-0344  51731.6442   18.7   5.7
HE1518-0020  51739.6020   32.1   0.9              31.7  1.1      0.73    -0.40   polyn.
HE1518-0020  51743.6499   27.9   3.5
HE1522-0410  51738.6884   29.9   2.2              27.1  1.9      5.29    -1.15   polyn., G&L
HE1522-0410  51743.6697   34.6   6.7
HE1522-0410  51755.6030   18.0   3.6
HS1527+0614  52080.6602   67.7   1.6              63.7  1.1      4.81    -1.55
HS1527+0614  52116.4978   61.4   1.2
WD1527+090   52112.5350   22.7   1.1              24.5  0.9      2.44    -0.93
WD1527+090   52141.5256   26.2   1.0
WD1524-749   51739.6435  204.1   1.5             204.9  1.2      0.77    -0.17
WD1524-749   51743.6871  216.4  12.6 -30.0 30.0
WD1524-749   51755.5938  205.8   1.7
WD1531+184   52443.5796   31.9   1.6              31.9  1.7      0.00     0.00
WD1531-022   52112.5272   43.7   1.6              43.8  1.2      0.00    -0.02   polyn., G&L, possibly composite
WD1531-022   52137.5846   43.9   1.4
WD1532+033   52089.5361   11.2   6.9 -40.0 40.0   13.2  5.6      0.14    -0.15
WD1532+033   52116.5083   16.8   9.2 -40.0 40.0
WD1537-152   51727.6270   -0.8   1.6               2.0  1.2      2.74    -1.01
WD1537-152   51731.6538    4.5   1.5
WD1539-035   52136.5635   45.6   1.3              45.8  1.0      0.04    -0.07   polyn., G&L
WD1539-035   52141.5355   46.1   1.3
WD1543-366   51731.6836   75.0   6.0 -40.0 40.0   87.2  3.8      4.03    -1.35
WD1543-366   51739.6611   95.5   4.9 -40.0 40.0
WD1544-377   51739.6693   22.4   0.5              21.1  0.6      3.27    -1.15   G&L, vrot
WD1544-377   52771.7871   19.4   0.7
WD1547+057   52088.5733   48.6   2.8              47.5  2.0      0.17    -0.17
WD1547+057   52089.5602   46.4   2.8
WD1547+015   52116.5185  -76.1  25.0 -40.0 40.0  -81.4 22.7      0.15    -0.16   G&L
WD1547+015   52089.5473 -106.1  53.8 -40.0 40.0
WD1548+149   51979.7720   18.5   1.7              18.6  1.2      0.00    -0.02
WD1548+149   52033.6489   18.7   1.4
WD1550+183   52387.8695    9.2   3.2              12.1  1.5      0.60    -0.36
WD1550+183   52862.5458   12.9   1.5
WD1555-089   51740.6666   69.6   1.0              69.9  1.1      0.24    -0.20
WD1555-089   51743.6785   71.5   2.7
WD1609+135   51701.7588  108.1   0.8             107.4  0.7      0.73    -0.41   polyn., G&L
WD1609+135   51705.7321  106.5   0.9
WD1609+044   52089.5710   38.9   1.8              37.4  1.3      0.65    -0.38
WD1609+044   52117.5209   36.1   1.6
HS1609+1426  52088.5505  -18.3   1.6             -15.9  1.1      1.71    -0.37
HS1609+1426  52088.5844  -14.2   1.7
HS1609+1426  52136.5755  -14.8   2.3
WD1614+136   52116.5931    1.6   0.8               1.5  0.8      0.03    -0.06
WD1614+136   52117.5316    1.3   0.9
WD1614+160   52443.6108  -23.1   0.9             -23.3  0.9      0.02    -0.05
WD1614+160   52862.5546  -23.5   1.2
HS1614+1136  52443.6006   18.1   1.6              17.9  1.4      0.02    -0.05
HS1614+1136  52839.6581   17.5   2.4
WD1614-128   51701.7691   87.4   1.2              86.0  0.9      1.20    -0.56
WD1614-128   51703.6054   84.7   1.1
WD1615-154   51701.7757    9.7   1.2               9.0  1.1      0.34    -0.25
WD1615-154   51703.5985    8.0   1.6
HS1616+0247  52443.5912   10.4   1.7              10.6  1.3      0.01    -0.04
HS1616+0247  52542.5008   10.8   1.8
WD1619+123   52490.6177   15.1   1.2              15.3  1.0      0.02    -0.05
WD1619+123   52839.6684   15.4   1.3
WD1620-391   52386.7099   43.7   0.4              44.0  0.6      0.28    -0.23
WD1620-391   52771.8007   44.4   0.4
WD1625+093   51705.7430   66.0   2.4              66.8  1.5      0.10    -0.13   polyn., G&L, vrot
WD1625+093   51730.6808   67.3   1.8
WD1636+057   51705.7553   78.2   1.5              78.3  1.0      0.00    -0.02   polyn., G&L
WD1636+057   51731.6634   78.3   1.0
WD1640+113   52108.5450   15.5   2.0              14.2  1.2      0.31    -0.24
WD1640+113   52116.5359   13.6   1.3
HS1641+1124  52116.6050   33.4   4.4              33.1  2.4      0.00    -0.02   polyn., G&L
HS1641+1124  52117.5424   33.1   2.7
HS1646+1059  52117.5830   10.7   1.8              12.6  1.5      1.26    -0.58
HS1646+1059  52137.5955   15.1   2.2
HS1648+1300  52116.5561  -26.3   1.3             -27.0  1.1      0.31    -0.24
HS1648+1300  52117.5730  -27.8   1.4
WD1655+215   52521.5373   46.6   0.8              46.1  0.7      0.28    -0.23   polyn., G&L
WD1655+215   52541.4905   45.7   0.6
HS1705+2228  52521.5239  -42.7   0.9             -43.4  0.9      0.50    -0.32
HS1705+2228  52538.5146  -44.4   1.2
WD1716+020   52387.8828  -19.3   0.7             -18.8  0.7      0.34    -0.25   G&L
WD1716+020   52815.7186  -18.3   0.7
WD1733-544   51730.7009   29.9   1.1              31.7  0.9      2.06    -0.82   polyn., G&L
WD1733-544   51731.6743   33.3   1.0
WD1736+052   51688.9114   52.6   1.4              51.4  1.0      4.05    -0.88   polyn., G&L
WD1736+052   51696.8023   45.1   2.5
WD1736+052   51730.6909   52.3   1.2
WD1755+194   52443.6515   45.2   2.1              45.2  1.7      1.72    -0.37
WD1755+194   52536.5186   51.2   4.2
WD1755+194   52720.8940   42.2   2.9
WD1802+213   52465.7191   51.8   3.1              56.1  2.2      2.02    -0.81
WD1802+213   52482.7154   60.0   3.0
WD1821-131   51696.8167   -7.3   2.6             -13.1  1.4      3.84    -1.30   G&L, vrot
WD1821-131   51699.7714  -15.4   1.5
WD1824+040   51681.7166   35.0   1.3              19.5  0.4   5002.02 <-100.  DD polyn., G&L
WD1824+040   51682.8934  -17.1   0.6
WD1824+040   52033.8512  -15.7   0.9
WD1824+040   52078.7260    4.2   0.6
WD1824+040   52116.5739   18.7   0.5
WD1824+040   52117.5931   80.6   0.5
WD1824+040   52139.5153   11.2   1.5
WD1826-045   52387.8877   -2.0   0.8              -2.0  1.1      0.00     0.00   G&L
WD1827-106   52387.9019  -38.8   1.6             -38.4  1.3      0.06    -0.09
WD1827-106   52815.7261  -37.9   2.1
WD1834-781   51731.6991   93.0   0.9              92.3  0.8      0.48    -0.31
WD1834-781   51738.7184   91.5   1.0
WD1840+042   52387.8932    1.1   0.7               2.2  0.7      1.51    -0.66   polyn., G&L
WD1840+042   52815.7363    3.4   0.8
WD1845+019   52033.8574  -30.7   2.3             -30.7  1.5      0.00    -0.00   SB2, Halpha emission from M dwarf/BD (physical?) companion
WD1845+019   52065.8166  -30.7   1.9
WD1844-223   51981.8792   14.8   2.5 -30.0 30.0   11.4  2.1      2.85    -1.04
WD1844-223   52033.8447    5.0   3.5 -30.0 30.0
WD1857+119   51681.7265  -26.0   3.1             -27.7  1.4      3.77    -0.82   polyn., G&L
WD1857+119   51690.8904  -31.1   1.8
WD1857+119   51682.9007  -23.3   2.4
WD1911+135   51681.7336   16.6   3.1              17.4  1.0      0.04    -0.07
WD1911+135   51682.9090   17.5   0.9
WD1914+094   51689.9170    4.4   4.0 -30.0 30.0    3.5  2.9      0.49    -0.04
WD1914+094   51690.9000    8.8  16.1 -30.0 30.0
WD1914+094   52033.8651   11.1  12.4 -30.0 30.0
WD1914+094   52065.8244    1.0   4.5 -30.0 30.0
WD1914-598   52033.8749   69.3   1.2              70.1  0.9      0.34    -0.25
WD1914-598   52065.8342   70.8   1.1
WD1918+110   51687.9081   75.9   1.8              74.8  1.3      0.36    -0.26
WD1918+110   51688.8802   73.9   1.6
WD1919+145   52426.9175   49.0   0.5              49.5  0.6      0.39    -0.28   G&L
WD1919+145   52765.9026   50.0   0.4
WD1932-136   51687.9186    1.6   1.2               1.8  1.2      0.03    -0.07
WD1932-136   51688.8904    2.2   2.1
WD1943+163   52465.7391   31.5   3.6              33.0  1.1      0.11    -0.13
WD1943+163   52482.7348   33.1   0.9
WD1948-389   52033.8900   15.5  14.8 -40.0 40.0  -14.2  7.2      3.08    -1.10
WD1948-389   52065.8605  -23.3   8.2 -40.0 40.0
WD1950-432   52033.8978  -32.0  14.6 -40.0 40.0  -39.3  7.5      0.20    -0.18
WD1950-432   52065.8671  -41.9   8.7 -40.0 40.0
WD1952-206   51731.7224   38.8   0.7              38.8  0.7      0.00    -0.01
WD1952-206   51738.7046   38.8   0.9
WD1952-584   52138.5001   -0.1   6.3 -30.0 30.0    3.0  5.1      0.40    -0.28
WD1952-584   52140.5756    8.9   8.7 -30.0 30.0
WD1953-011   51681.7530   51.9   3.2              53.2  1.4      0.11    -0.13   G&L, possibly magnetic, variable line profile
WD1953-011   51682.9210   53.5   1.4
WD1953-715   52387.8272   24.9   1.1              24.9  1.0      0.01    -0.03
WD1953-715   52388.7837   25.0   1.3
WD1959+059   51705.8690   -9.9   5.5              -6.5  3.0      0.30    -0.24   polyn., G&L
WD1959+059   51731.7293   -5.1   3.6
WD2004-605   51738.7355   19.5   5.2 -40.0 40.0   17.4  5.0      0.95    -0.48
WD2004-605   51743.7136   -2.6  16.5 -40.0 40.0
WD2007-219   51738.7112  -21.2   0.7             -20.3  0.8      1.05    -0.51   polyn., G&L
WD2007-219   51761.7859  -19.1   1.0
WD2007-303   52387.8119   72.9   0.3              73.6  0.5      1.14    -0.54   G&L
WD2007-303   52765.9107   74.3   0.3
WD2014-575   51738.7420   66.5   0.9              67.6  1.0      2.88    -1.05
WD2014-575   51743.7253   72.0   2.1
WD2018-233   52033.9041    1.2   1.7               1.4  1.1      0.02    -0.05
WD2018-233   52117.6127    1.5   1.1
WD2020-425   51738.7493   67.6   6.5            -123.7  2.1    563.95 <-100.  DD SB2
WD2020-425   51761.7932 -146.6   2.2
WD2021-128   52033.9322   43.7   2.7              46.0  1.6      0.58    -0.35
WD2021-128   52065.8521   47.1   1.8
WD2029+183   52388.9019 -149.7   1.3            -146.9  1.1      4.51    -1.47   polyn., G&L
WD2029+183   52491.7102 -143.7   1.4
WD2032+188   52521.5515  -23.1   1.1             -24.0  1.1      1.11    -0.54   one spectrum not fitted -- poor quality
WD2032+188   52527.5155  -26.7   2.1
WD2039-202   52387.8173   -2.8   0.4              -2.3  0.5      0.36    -0.26   G&L
WD2039-202   52812.9050   -1.9   0.3
WD2039-682   52387.8350   57.7   1.1              57.0  1.0      0.40    -0.28   polyn., G&L, vrot
WD2039-682   52414.9160   56.1   1.2
HS2046+0044  52521.6321   -5.9   8.4              14.4  3.1     11.70    -2.54
HS2046+0044  52521.6406    5.8   4.6
HS2046+0044  52538.5098   30.1   4.8
WD2046-220   52033.9120  -15.1   1.6             -14.6  1.1      0.09    -0.12
WD2046-220   52117.6210  -14.2   1.3
WD2051+095   51705.8880   15.5   1.6              16.5  1.1      0.33    -0.25
WD2051+095   51731.7382   17.2   1.2
WD2051-208   52140.6206  162.0   4.4             161.3  2.9      0.03    -0.07   polyn., G&L, magnetic
WD2051-208   52142.5386  160.7   3.8
HS2056+0721  52140.6095   42.7   2.8              40.6  1.8      0.52    -0.33
HS2056+0721  52142.5612   39.1   2.3
WD2056+033   52142.5492   -5.0  14.5 -40.0 40.0   -9.1 10.7      0.10    -0.13
WD2056+033   52140.6309  -13.9  15.7 -35.0 40.0
HS2058+0823  52145.5785   -2.3   6.0 -30.0 30.0   -1.0  3.8      0.04    -0.08
HS2058+0823  52141.5514   -0.2   4.9 -30.0 30.0
WD2058+181   52465.7932  -47.0   1.1             -46.4  1.0      0.41    -0.09
WD2058+181   52527.5379  -44.6  14.7 -30.0 30.0
WD2058+181   52538.6254  -45.4   1.4
HS2059+0208  52521.6507    3.8   3.2               7.4  2.2      1.26    -0.58
HS2059+0208  52539.5339   10.2   2.8
WD2059+190   52539.5437    6.3   1.8               7.5  1.5      0.61    -0.36   G&L
WD2059+190   52540.5599    9.4   2.3
HS2108+1734  52465.7845   45.7   3.7 -30.0 30.0   44.9  2.5      2.36    -0.51
HS2108+1734  52527.5498   16.0  14.6 -30.0 30.0
HS2108+1734  52861.6698   45.8   3.5 -30.0 30.0
WD2105-820   52423.8069   41.1   1.3              41.1  1.4      0.01    -0.03   G&L, vrot, possibly magnetic or rapidly rotating
WD2105-820   52772.8885   40.7   4.5
WD2115+010   52145.5885   14.5   1.7              16.1  1.3      0.81    -0.43
WD2115+010   52144.6099   17.5   1.6
WD2115-560   52387.8721    2.5   1.2               4.2  0.9      1.74    -0.73   polyn., G&L
WD2115-560   52772.9009    5.7   1.1
WD2120+054   52539.5538   -8.2   7.7 -30.0 30.0   -4.9  5.5      0.21    -0.19
WD2120+054   52540.5707   -1.7   7.8 -30.0 30.0
WD2122-467   52423.8161   24.8   2.1              24.3  1.1      0.06    -0.00
WD2122-467   52479.7642   24.3   2.0
WD2122-467   52482.7441   24.2   1.6
WD2122-467   52531.5638   23.5   4.0
WD2124-224   51739.6787   27.3   5.5 -40.0 40.0   35.8  3.4      2.22    -0.87
WD2124-224   51761.8000   40.8   4.2 -40.0 40.0
HS2130+1215  52540.5904    6.3   6.2 -30.0 30.0    2.1  5.3      0.95    -0.48
HS2130+1215  52541.5500   -8.5   9.8 -30.0 30.0
HS2132+0941  52145.6098   -2.9   1.1              -4.1  0.9      0.98    -0.49   polyn.
HS2132+0941  52141.5713   -5.4   1.2
HE2133-1332  52172.5668    7.6   0.9               9.3  0.7      2.53    -0.95   G&L
HE2133-1332  52142.5815   10.7   0.8
WD2134+218   52465.8060   26.3   0.8              27.0  0.8      0.79    -0.43
WD2134+218   52527.6108   28.4   1.2
WD2136+229   52465.8213  -48.4   0.9             -47.4  0.9      1.01    -0.50   polyn., G&L
WD2136+229   52535.5780  -46.1   1.1
HE2135-4055  51681.9070   67.6   0.8              66.8  0.7      0.67    -0.39   polyn., G&L, bad model fit for temperature
HE2135-4055  52772.9085   66.0   0.8
WD2137-379   51685.9061   -7.9   2.7             -12.4  1.6      2.33    -0.90
WD2137-379   51686.9041  -14.7   1.9
HS2138+0910  52145.6206  -25.0   1.4             -24.2  1.0      0.28    -0.22   polyn., G&L
HS2138+0910  52141.5817  -23.6   1.1
WD2139+115   51701.8743   19.3   1.3              18.7  1.2      0.33    -0.25
WD2139+115   51704.9340   17.3   2.2
HE2140-1825  52078.8893    6.3   1.1               6.6  0.8      0.05    -0.09
HE2140-1825  52141.5928    6.8   0.8
WD2146-433   52069.9243   28.4   9.6 -30.0 30.0   25.9  3.7      0.05    -0.08   G&L
WD2146-433   52138.5643   25.5   4.0 -30.0 30.0
HS2148+1631  52540.6005    3.2   1.4               5.0  1.2      1.99    -0.80
HS2148+1631  52541.5637    7.6   1.7
HE2148-3857  51685.9153   45.7   3.4              46.5  2.6      0.06    -0.09
HE2148-3857  51686.8938   47.4   3.9
WD2149+021   52540.6630   28.3   0.4              28.2  0.5      0.02    -0.05   G&L
WD2149+021   52861.8031   28.1   0.3
WD2150+021   52540.6126   57.7  17.1 -40.0 40.0   54.2 11.1      0.04    -0.08
WD2150+021   52541.5843   51.6  14.6 -40.0 40.0
WD2152-045   52172.5390   22.0  10.3 -30.0 30.0   12.1  1.4      2.05    -0.45
WD2152-045   52540.6700    9.6   1.9
WD2152-045   52813.9033   14.1   1.9
WD2151-307   51739.6851   50.0   1.7              49.1  1.6      0.49    -0.31
WD2151-307   51761.8089   46.4   3.3
WD2152-548   51739.6912  -25.9   4.7 -40.0 40.0  -28.9  3.4      5.13    -1.11
WD2152-548   51743.7666  -43.0   6.2 -40.0 40.0
WD2152-548   51761.8136  -14.9   7.7 -40.0 40.0
WD2153-419   51696.8595   19.6  14.3 -40.0 40.0   11.3  8.3      0.30    -0.23   G&L
WD2153-419   51699.7474    7.1  10.3 -40.0 40.0
WD2154-061   52172.5490   51.0   8.8 -40.0 40.0   47.2  7.3      0.35    -0.26
WD2154-061   52540.6858   38.7  13.2 -40.0 40.0
HE2155-3150  52078.8999   33.6   2.1              32.0  1.3      0.47    -0.31
HE2155-3150  52138.5872   31.1   1.5
WD2157+161   52540.6224   -6.0   1.6              -9.1  1.0      2.93    -0.64
WD2157+161   52541.6021  -10.9   1.7
WD2157+161   52870.7390  -10.5   1.5
HE2159-1649  51885.5213   32.5   1.7              37.1  1.0      7.49    -1.63
HE2159-1649  51891.5256   45.7   3.5
HE2159-1649  52141.6240   38.3   1.2
WD2159-414   51705.8995  -88.5  14.6 -40.0 40.0  -72.1  6.2      0.89    -0.46
WD2159-414   51708.8509  -68.5   6.8 -40.0 40.0
WD2200-136   51885.5317  159.7   1.5              75.4  1.1   2991.48 <-100.  DD SB2
WD2200-136   52540.7062    1.0   1.7
WD2200-136   52172.6033  127.6   5.3
WD2200-136   52540.6967    8.3   2.4
WD2159-754   51884.5341  141.8   1.0             141.3  0.8      0.16    -0.16   G&L
WD2159-754   52142.6261  141.0   0.8
HE2203-0101  52540.6335   29.0   1.1              26.7  1.0      4.27    -1.41
HE2203-0101  52141.6349   23.5   1.4
WD2204+070   51701.8636   37.2   1.8              39.5  1.4      1.98    -0.43
WD2204+070   51704.9233   40.3   2.6
WD2204+070   52142.6409   43.5   2.8
WD2205-139   51885.5404   46.0   2.2              49.1  1.2      4.04    -0.59
WD2205-139   52540.7279   46.9   2.1
WD2205-139   52172.6137   48.3   5.3
WD2205-139   52541.6140   52.8   1.7
WD2207+142   51690.9132   24.9   1.5              26.7  1.3      1.78    -0.74   G&L
WD2207+142   51696.8388   29.6   2.0
HE2209-1444  51885.5488   81.6   1.7              72.0  1.8    171.53   -38.47DD SB2, G&L
HE2209-1444  52172.6360  -23.4   5.8
HS2210+2323  52541.6239   50.1   2.1              50.2  1.6      0.01    -0.03
HS2210+2323  52542.5192   50.4   2.3
WD2211-495   51739.6977   25.8   0.5 -30.0 30.0   26.0  0.7      0.22    -0.20   G&L
WD2211-495   51743.7728   26.9   1.4 -30.0 30.0
HS2216+1551  52542.5294  -57.9   3.6              23.5  2.3    450.49   -99.25DD SB2
HS2216+1551  52543.6272   71.9   2.8
HE2218-2706  52162.5351  -37.9   1.5             -34.4  0.8      3.62    -1.24
HE2218-2706  52146.6637  -33.2   0.7
HE2220-0633  52541.6768   46.0   0.9              45.7  1.0      0.24    -0.21
HE2220-0633  52144.6289   44.6   1.9
HS2220+2146B 52542.5809   37.7   2.3              37.6  1.7      0.00    -0.01
HS2220+2146B 52543.6348   37.6   2.3
HS2220+2146A 52542.5753   25.9   3.4              28.3  2.2      0.51    -0.32
HS2220+2146A 52543.6397   30.0   2.8
WD2220+133   51884.5480   30.8   4.5              30.5  2.4      0.15    -0.03
WD2220+133   52172.6482   40.0  19.3
WD2220+133   52883.7377   30.2   2.8
HE2221-1630  52434.9024   44.7   1.8              45.8  1.3      0.35    -0.25   polyn., G&L
HE2221-1630  52144.6391   46.8   1.8
HS2225+2158  52542.6019   17.4   2.3              20.7  1.7      2.16    -0.85
HS2225+2158  52543.6470   23.9   2.3
WD2226+061   51696.8863   35.3   3.1              36.2  1.1      0.05    -0.09
WD2226+061   51701.8340   36.3   1.0
WD2226-449   52146.6723   55.8   0.5              55.9  0.5      0.23    -0.05   G&L
WD2226-449   52144.6859   55.6   0.5
WD2226-449   52423.9030   56.3   0.5
HS2229+2335  52542.6112  -14.6   1.5             -11.9  1.1      3.12    -1.11
HS2229+2335  52543.6562   -9.4   1.4
HE2230-1230  52079.9102   13.3   1.8              14.3  1.4      0.35    -0.26
HE2230-1230  52144.6621   15.5   2.0
HE2231-2647  52162.5437  -17.0   1.6             -16.6  1.1      0.30    -0.06
HE2231-2647  52163.6549  -17.7   2.1
HE2231-2647  52396.9065  -15.8   1.5
HS2233+0008  52542.6199   41.7   0.9              42.1  0.8      0.13    -0.15
HS2233+0008  52543.6649   42.5   1.0
WD2235+082   51884.5591   39.1   4.7 -40.0 40.0   27.7  2.4      4.74    -0.72   G&L
WD2235+082   52153.5777   26.0   5.0 -40.0 40.0
WD2235+082   52153.5896   23.2   4.0 -40.0 40.0
WD2235+082   52172.6689   21.9   5.9 -40.0 40.0
HE2238-0433  52172.7058   62.5  14.4              45.7  3.9      0.87    -0.19
HE2238-0433  52542.6322   43.4   7.1
HE2238-0433  52804.9072   44.8   4.8
HS2240+1234B 52541.7294   37.0   1.5              37.4  1.0      0.04    -0.08
HS2240+1234B 52542.6506   37.6   1.2
HS2240+1234A 52541.7164   40.1   1.7              38.8  1.5      0.80    -0.43
HS2240+1234A 52542.6596   36.6   2.3
WD2240-045   51696.8981  -70.6   5.3 -40.0 40.0  -75.1  3.9      0.90    -0.46   G&L
WD2240-045   51701.8527  -80.3   5.7 -40.0 40.0
WD2240-017   51705.9082   32.1   1.6              31.2  1.5      0.59    -0.05
WD2240-017   51736.6808   28.6   4.8
WD2240-017   51736.6885   31.7   7.2
WD2240-017   52856.7489   28.7   3.6
WD2241-325   52437.9168    2.3   4.7 -30.0 30.0    1.7  3.8      0.03    -0.06
WD2241-325   52479.7742    0.7   6.1 -30.0 30.0
HS2244+2103  52543.6836   28.8   3.1              28.6  2.1      0.00    -0.02
HS2244+2103  52544.5849   28.4   2.6
HS2244+0305  52541.7407   23.6  24.9 -40.0 40.0  -31.7 18.6      6.54    -1.98   G&L
HS2244+0305  52542.6710 -101.4  27.9 -40.0 40.0
HE2246-0658  52172.7133   67.3  13.1              49.9  3.0      1.48    -0.32
HE2246-0658  52541.7486   48.4   3.1
HE2246-0658  52803.9317   59.7  13.4
WD2248-504   52423.9109   12.4   2.2              14.5  1.9      1.89    -0.77
WD2248-504   52416.9152   20.3   3.7
HE2251-6218  52153.5505   23.0   1.8              24.3  1.4      0.62    -0.37
HE2251-6218  52154.5156   26.0   2.0
WD2253-081   51737.7520    1.8   1.6               1.4  1.3      4.40    -0.95   polyn., G&L
WD2253-081   51742.7655   20.1   7.3
WD2253-081   52823.9128   -0.7   2.0
WD2253+054   51761.8331   35.1   2.9              36.4  2.0      1.70    -0.20   polyn., G&L, vrot
WD2253+054   51762.6777   42.5   8.2
WD2253+054   52856.7626   40.3   3.6
WD2253+054   52862.7332   31.9   4.3
WD2254+126   51705.9157   22.2   2.3              23.0  1.3      0.13    -0.03   G&L
WD2254+126   51737.7311   23.0   2.1
WD2254+126   51740.7086   23.8   2.2
HS2259+1419  52543.6936  -28.2   1.1             -28.0  0.9      0.03    -0.07   G&L
HS2259+1419  52542.6901  -27.8   1.2
WD2303+017   52172.7344   13.5  16.8 -40.0 40.0   41.6  3.0      3.30    -0.46
WD2303+017   52531.5554   38.2   9.4 -40.0 40.0
WD2303+017   52856.7721   41.2   3.3 -40.0 40.0
WD2303+017   52862.7228   57.2   9.4 -40.0 40.0
WD2303+242   52542.6998   13.1   1.8              10.6  1.4      1.91    -0.78   G&L
WD2303+242   52543.7029    8.2   1.8
WD2306+130   52172.7456   33.4   1.2              33.7  0.8      0.05    -0.08   G&L
WD2306+130   52542.7097   33.9   0.8
WD2306+124   51762.6499   36.4   2.6              39.1  1.3      0.78    -0.42
WD2306+124   51802.5972   39.9   1.3
WD2308+050   52542.7299   15.9   9.1 -30.0 30.0   26.6  3.7      0.97    -0.49
WD2308+050   52543.7333   28.7   4.0 -30.0 30.0
WD2309+105   51762.6581  -16.9   7.6 -40.0 40.0  -16.8  2.4      0.00    -0.00   G&L
WD2309+105   51802.6075  -16.8   2.4 -40.0 40.0
WD2311-260   51708.8620   17.1  21.1 -40.0 40.0   47.2  5.5      1.28    -0.59   G&L
WD2311-260   51737.7421   49.4   5.6 -40.0 40.0
WD2312-356   52154.5539   17.5   1.8              20.5  0.6      1.99    -0.13
WD2312-356   52163.6750   19.5   1.7
WD2312-356   52531.5852   21.2   0.8
WD2312-356   52165.5311   20.6   0.9
WD2312-356   52172.7562   21.2   1.1
WD2314+064   52543.7427   27.5   1.2              27.2  1.2      0.10    -0.13
WD2314+064   52544.6053   26.4   2.1
HE2315-0511  51736.6975   72.3  32.2 -30.0 30.0   27.2  5.6      4.85    -1.05
HE2315-0511  51736.7055   49.9  11.1 -30.0 30.0
HE2315-0511  51742.7954   17.4   6.6 -30.0 30.0
WD2318+126   52543.7630  -11.9   1.6             -12.3  1.1      0.05    -0.09   G&L
WD2318+126   52544.6237  -12.6   1.4
WD2318-226   51762.6681   48.1  15.3 -30.0 30.0   43.2  3.7      0.06    -0.10
WD2318-226   51802.6741   42.9   3.7 -30.0 30.0
WD2321-549   52212.7310  -13.0  33.5 -40.0 40.0    7.9  6.1      0.24    -0.20   G&L
WD2321-549   52531.5735    8.6   6.2 -40.0 40.0
WD2322+206   52543.7737    5.9   1.1               5.0  0.9      0.52    -0.33   polyn., G&L
WD2322+206   52544.6333    4.2   1.0
WD2322-181   51738.7684   24.7   1.5              24.6  1.1      0.00    -0.02
WD2322-181   51741.7477   24.6   1.4
WD2324+060   52543.8142   -6.3   0.9              -7.2  0.7      0.75    -0.41
WD2324+060   52544.6724   -8.0   0.8
WD2326+049   51762.6852   43.9   0.7 -10.0 15.0   41.6  0.7      6.38    -1.94   polyn., G&L, +CaK
WD2326+049   51804.6758   39.5   0.6 -10.0 15.0
WD2328+107   52544.6821   44.8   1.2              44.3  0.9      0.17    -0.17
WD2328+107   52547.6266   43.8   1.1
WD2329-332   51740.7261   35.0   2.5              36.0  1.9      0.20    -0.18
WD2329-332   51743.8226   37.2   2.7
WD2330-212   52544.6920  -77.7   2.2             -55.7  1.7    122.70   -27.79DD
WD2330-212   52547.5962  -27.3   2.5
WD2331-475   51739.7628   23.4   2.6 -40.0 40.0   21.9  1.9      0.36    -0.26   G&L
WD2331-475   51743.7885   20.4   2.6 -40.0 40.0
WD2333-165   51762.6926   69.4   0.5              69.0  0.6      0.24    -0.20   polyn.
WD2333-165   51804.6926   68.6   0.4
WD2333-049   51762.7115   44.6   2.3              47.0  1.5      1.05    -0.52   polyn., G&L, vrot
WD2333-049   51803.6089   48.6   1.8
HE2334-1355  52544.7020   20.2   2.0              19.0  1.5      0.36    -0.26
HE2334-1355  52547.6063   17.9   2.1
WD2336-187   51738.7794   11.6   3.1              -3.6  2.8     70.03   -16.23DD SB2, polyn., G&L
WD2336-187   51741.7681  -66.1   6.3
WD2336+063   52544.7122   38.9   0.8              39.0  0.8      0.01    -0.04
WD2336+063   52547.6169   39.1   1.0
MCT2343-1740 51802.6292   51.7  15.0              27.8  3.6      1.57    -0.68
MCT2343-1740 51803.5741   26.4   3.6
HE2345-4810  52162.6064   54.0   1.9              43.1  1.8     67.25   -15.62DD
HE2345-4810  52466.9007   10.0   3.5
MCT2345-3940 51802.6167    1.6   2.3               4.6  1.4      1.48    -0.65
MCT2345-3940 51803.5613    6.2   1.6
WD2347+128   51802.6883   -2.2   2.4               0.7  1.6      1.33    -0.60   polyn., G&L
WD2347+128   51804.6838    2.8   2.0
WD2347-192   51802.6409   32.7   4.2              31.1  2.7      0.14    -0.15
WD2347-192   51761.8427   30.0   3.5
HE2347-4608  52532.6073   48.2   1.2              48.7  1.0      0.17    -0.16
HE2347-4608  52542.8092   49.3   1.3
WD2348-244   51762.7212   67.2   1.5              65.8  1.1      0.76    -0.42   polyn., G&L, vrot
WD2348-244   51802.6514   64.6   1.4
MCT2349-3627 51802.7047   23.1  36.0 -40.0 40.0   16.9 18.6      0.02    -0.06
MCT2349-3627 51804.6325   14.6  21.7 -40.0 40.0
WD2349-283   51762.7350   36.2   1.0              35.2  0.8      0.76    -0.42
WD2349-283   51802.6635   34.3   0.9
WD2350-248   51761.8516   62.0   2.6              62.7  2.1      0.09    -0.12
WD2350-248   51803.5874   63.7   3.3
WD2350-083   52530.8368   56.1   1.4              58.3  1.1      2.57    -0.96
WD2350-083   52466.9202   60.7   1.5
WD2351-368   51739.7706   -7.7   1.6              -7.0  1.3      0.24    -0.21   G&L, vrot
WD2351-368   51743.7962   -6.1   1.8
MCT2352-1249 51802.7167   -1.8  44.8 -40.0 40.0   -2.1 14.3      0.11    -0.02
MCT2352-1249 51804.6436  -18.5  40.4 -40.0 40.0
MCT2352-1249 52822.9232    0.6  16.3 -40.0 40.0
WD2353+026   52466.8883    2.2   3.2 -40.0 40.0    0.3  2.8      0.77    -0.42   G&L
WD2353+026   52530.6840   -5.2   5.5 -40.0 40.0
WD2354-151   51761.8220   18.3   2.6 -30.0 30.0   18.8  2.2      0.06    -0.09
WD2354-151   51803.5982   19.8   3.8 -30.0 30.0
HE2356-4513  52163.6309   55.5   1.4              53.3  0.7      1.66    -0.19
HE2356-4513  52466.8676   52.8   1.2
HE2356-4513  52466.8740   51.6   3.7
HE2356-4513  52500.9107   52.6   0.9
